## MHD3D Solution... outputLevel and fileID:
0000,00003307
## grid: nElems, gridType #################################################################################
       2,       0
## grid: sp(0:nElems)
  0.000000000000000E+00,  0.500000000000000E+00,  0.100000000000000E+01
## global: nfp,degGP,mn_nyq(2),hmap #######################################################################
       2,       7,       9,       9,      21
## X1_base: s%nbase,s%deg,s%continuity,f%modes,f%sin_cos,f%excl_mn_zero ###################################
       7,       5,       4,      13,       2,       0
## X2_base: s%nbase,s%deg,s%continuity,f%modes,f%sin_cos,f%excl_mn_zero ###################################
       7,       5,       4,      12,       1,       0
## LA_base: s%nbase,s%deg,s%continuity,f%modes,f%sin_cos,f%excl_mn_zero ###################################
       7,       5,       4,      12,       1,       1
## X1: m,n,X1(1:nbase,iMode) ##############################################################################
       0,       0,  0.323313086838990E-03,  0.323313086838989E-03,  0.272549743755009E-03,  0.120259714503056E-03, -0.199935448007253E-03, -0.887171085047103E-03,  0.000000000000000E+00
       0,       2,  0.143224744552698E-02,  0.143224744552698E-02,  0.207864883912988E-02,  0.401785301993856E-02,  0.589657685391335E-02,  0.365497093893506E-02,  0.000000000000000E+00
       0,       4, -0.208922056341020E-02, -0.208922056341020E-02, -0.231730333132371E-02, -0.300155163506427E-02, -0.340605889179724E-02, -0.132310535301876E-02,  0.000000000000000E+00
       1,      -4,  0.189572444261113E-18,  0.263097277780778E-03,  0.789291833342334E-03,  0.127030601103304E-02,  0.161577905511116E-02,  0.373138602872327E-04,  0.000000000000000E+00
       1,      -2,  0.602711092729820E-18, -0.217227772820784E-02, -0.651683318462349E-02, -0.105503945605448E-01, -0.136509736949826E-01, -0.686807518033513E-02,  0.000000000000000E+00
       1,       0,  0.160345280123051E-18,  0.111235391094805E-01,  0.333706173284413E-01,  0.552710140944477E-01,  0.761313665015896E-01,  0.947159594592854E-01,  0.100000000000000E+00
       1,       2,  0.870681487129658E-18, -0.485021483213059E-02, -0.145506444963919E-01, -0.244257703233721E-01, -0.348249846385093E-01, -0.561362483847275E-01, -0.700000000000000E-01
       1,       4, -0.224913354015405E-17, -0.142237062548854E-02, -0.426711187646567E-02, -0.682209613722693E-02, -0.850780942734077E-02, -0.482467392492544E-02,  0.000000000000000E+00
       2,      -4,  0.000000000000000E+00,  0.260533487326800E-19,  0.128034451817864E-03,  0.512137807271456E-03,  0.856898466904147E-03,  0.276081632346066E-03,  0.000000000000000E+00
       2,      -2,  0.000000000000000E+00,  0.170592963031848E-18, -0.361460402083499E-03, -0.144584160833400E-02, -0.258149253367388E-02, -0.175345992287035E-02,  0.000000000000000E+00
       2,       0,  0.000000000000000E+00, -0.107613830472666E-18, -0.112215177963482E-03, -0.448860711853931E-03, -0.703757224801932E-03,  0.416334138007561E-04,  0.000000000000000E+00
       2,       2,  0.000000000000000E+00, -0.104625256594572E-18, -0.714524833455197E-03, -0.285809933382079E-02, -0.488171626584834E-02, -0.213835392379257E-02,  0.000000000000000E+00
       2,       4,  0.000000000000000E+00, -0.846779367403343E-19,  0.643955614351195E-03,  0.257582245740478E-02,  0.441603279676541E-02,  0.202588343524712E-02,  0.000000000000000E+00
## X2: m,n,X2(1:nbase,iMode) ##############################################################################
       0,       2, -0.664540427161493E-02, -0.664540427161493E-02, -0.628705896401037E-02, -0.521202304119670E-02, -0.371208316041642E-02, -0.266259929339676E-02,  0.000000000000000E+00
       0,       4,  0.251195841830617E-02,  0.251195841830617E-02,  0.288856204311564E-02,  0.401837291754409E-02,  0.465003638303833E-02,  0.102948846393898E-02,  0.000000000000000E+00
       1,      -4,  0.000000000000000E+00,  0.677299312551505E-03,  0.203189793765452E-02,  0.301955184857098E-02,  0.290637161692773E-02,  0.417456352037045E-04,  0.000000000000000E+00
       1,      -2,  0.000000000000000E+00, -0.275664616219840E-02, -0.826993848659515E-02, -0.136159501198834E-01, -0.184601196798461E-01, -0.105431460493246E-01,  0.000000000000000E+00
       1,       0,  0.000000000000000E+00,  0.131053475425484E-01,  0.393160426276452E-01,  0.656984979649705E-01,  0.925962340589803E-01,  0.131234093026683E+00,  0.150000000000000E+00
       1,       2,  0.000000000000000E+00,  0.892000105996802E-02,  0.267600031799041E-01,  0.438389145648892E-01,  0.586345537450225E-01,  0.647996921326478E-01,  0.600000000000000E-01
       1,       4,  0.000000000000000E+00,  0.125938921434797E-02,  0.377816764304388E-02,  0.589481109751943E-02,  0.680504962933379E-02,  0.400392483184775E-02,  0.000000000000000E+00
       2,      -4,  0.000000000000000E+00,  0.558995559336060E-19,  0.220120731128004E-03,  0.880482924512016E-03,  0.145279857661322E-02,  0.352203676815137E-03,  0.000000000000000E+00
       2,      -2,  0.000000000000000E+00, -0.120077927553339E-18, -0.320134589794732E-03, -0.128053835917893E-02, -0.239093830335483E-02, -0.218051540792921E-02,  0.000000000000000E+00
       2,       0,  0.000000000000000E+00, -0.990761184059660E-19, -0.607377453914432E-03, -0.242950981565773E-02, -0.426379782974470E-02, -0.250244372971976E-02,  0.000000000000000E+00
       2,       2,  0.000000000000000E+00, -0.815855205188906E-19, -0.157328202238092E-02, -0.629312808952367E-02, -0.107912664397863E-01, -0.496288178824281E-02,  0.000000000000000E+00
       2,       4,  0.000000000000000E+00,  0.658139664719925E-19, -0.561350002702456E-03, -0.224540001080982E-02, -0.384333559213337E-02, -0.172871345010694E-02,  0.000000000000000E+00
## LA: m,n,LA(1:nbase,iMode) ##############################################################################
       0,       2,  0.404470639573905E+00,  0.404470639573905E+00,  0.396839271086159E+00,  0.373945165622919E+00,  0.311849383906146E+00,  0.138735108101717E+00,  0.632091957849651E-02
       0,       4, -0.463270682673355E-01, -0.463270682673355E-01, -0.447294599472258E-01, -0.399366349868970E-01, -0.292817585480733E-01, -0.476432611592508E-02, -0.843560550141255E-02
       1,      -4,  0.000000000000000E+00,  0.104623385511485E-01,  0.313870156534455E-01,  0.409467372521337E-01,  0.164115923399956E-01,  0.643783464506178E-02,  0.184531376606570E-02
       1,      -2,  0.000000000000000E+00, -0.155394913910716E-01, -0.466184741732150E-01, -0.691094682450672E-01, -0.658364961860468E-01, -0.338412849127466E-01, -0.227733094727863E-02
       1,       0,  0.000000000000000E+00, -0.248703266259518E-01, -0.746109798778558E-01, -0.103597496738909E+00, -0.703216044274131E-01, -0.939299241917996E-02, -0.698957621467643E-02
       1,       2,  0.000000000000000E+00, -0.463718493286084E-01, -0.139115547985825E+00, -0.200162763444844E+00, -0.166120529309270E+00,  0.135347398040191E-01,  0.181388613825882E-01
       1,       4,  0.000000000000000E+00,  0.141573337147640E-01,  0.424720011442919E-01,  0.587070347593588E-01,  0.387031669310442E-01, -0.136427971891997E-01,  0.240442543099641E-02
       2,      -4,  0.000000000000000E+00, -0.252986239162222E-19,  0.112041158127235E-02,  0.448164632508941E-02,  0.770359267201604E-02,  0.364591594374670E-02, -0.111329566967865E-03
       2,      -2,  0.000000000000000E+00,  0.449130664968992E-19,  0.114346004505443E-03,  0.457384018021773E-03, -0.354584475676205E-03, -0.647265502526406E-02, -0.288943863988713E-02
       2,       0,  0.000000000000000E+00, -0.799509000403302E-20, -0.300512596735657E-02, -0.120205038694263E-01, -0.188404288099890E-01,  0.115221389961461E-02,  0.154784090879851E-01
       2,       2,  0.000000000000000E+00, -0.536952503728182E-19,  0.120505191237227E-03,  0.482020764948910E-03,  0.205291639554551E-02,  0.773830110625887E-02,  0.100297796046213E-01
       2,       4,  0.000000000000000E+00, -0.333830513613832E-19, -0.171105732826847E-05, -0.684422931307393E-05,  0.790997424502947E-03,  0.481100472549169E-02, -0.649091449650971E-02
## at X1_base IP point positions (size nBase): spos,phi,chi,iota,pressure  ################################
  0.000000000000000E+00,  0.000000000000000E+00, -0.348094482248085E-10,  0.696188964503006E+00,  0.000000000000000E+00
  0.100000000000000E+00,  0.500000000065287E-04,  0.348046277796495E-04,  0.695999534409786E+00,  0.000000000000000E+00
  0.300000000000000E+00,  0.450000000058758E-03,  0.312954089846169E-03,  0.694841376387697E+00,  0.000000000000000E+00
  0.500000000000000E+00,  0.125000000016322E-02,  0.868245360767743E-03,  0.693480210938150E+00,  0.000000000000000E+00
  0.700000000000000E+00,  0.245000000031990E-02,  0.169889882266859E-02,  0.690504352328639E+00,  0.000000000000000E+00
  0.900000000000000E+00,  0.405000000052882E-02,  0.279955652954991E-02,  0.686247580311187E+00,  0.000000000000000E+00
  0.100000000000000E+01,  0.500000000065286E-02,  0.345248253200303E-02,  0.689684274683380E+00,  0.000000000000000E+00
## a_minor,r_major,volume  ################################################################################
  0.103923048454133E+00,  0.106301081844835E+01,  0.226616319046729E+00
