## MHD3D Solution... outputLevel and fileID:
0000,00000000
## grid: nElems, gridType #################################################################################
       2,       0
## grid: sp(0:nElems)
  0.000000000000000E+00,  0.500000000000000E+00,  0.100000000000000E+01
## global: nfp,degGP,mn_nyq(2),hmap #######################################################################
       2,       7,       9,       9,      21
## X1_base: s%nbase,s%deg,s%continuity,f%modes,f%sin_cos,f%excl_mn_zero ###################################
       7,       5,       4,      13,       2,       0
## X2_base: s%nbase,s%deg,s%continuity,f%modes,f%sin_cos,f%excl_mn_zero ###################################
       7,       5,       4,      12,       1,       0
## LA_base: s%nbase,s%deg,s%continuity,f%modes,f%sin_cos,f%excl_mn_zero ###################################
       7,       5,       4,      12,       1,       1
## X1: m,n,X1(1:nbase,iMode) ##############################################################################
       0,       0, -0.118383824255337E-16, -0.118383824255337E-16, -0.112464633042570E-16, -0.947070594042698E-17, -0.651111033404355E-17, -0.236767648510674E-17,  0.000000000000000E+00
       0,       2,  0.568540648824507E-17,  0.568540648824507E-17,  0.540113616383282E-17,  0.454832519059606E-17,  0.312697356853479E-17,  0.113708129764901E-17,  0.000000000000000E+00
       0,       4,  0.207263967244539E-17,  0.207263967244539E-17,  0.196900768882312E-17,  0.165811173795631E-17,  0.113995181984496E-17,  0.414527934489078E-18,  0.000000000000000E+00
       1,      -4,  0.000000000000000E+00,  0.000000000000000E+00,  0.000000000000000E+00,  0.000000000000000E+00,  0.000000000000000E+00,  0.000000000000000E+00,  0.000000000000000E+00
       1,      -2,  0.000000000000000E+00,  0.000000000000000E+00,  0.000000000000000E+00,  0.000000000000000E+00,  0.000000000000000E+00,  0.000000000000000E+00,  0.000000000000000E+00
       1,       0,  0.000000000000000E+00,  0.100000000000000E-01,  0.300000000000000E-01,  0.500000000000000E-01,  0.700000000000000E-01,  0.900000000000000E-01,  0.100000000000000E+00
       1,       2,  0.000000000000000E+00, -0.700000000000000E-02, -0.210000000000000E-01, -0.350000000000000E-01, -0.490000000000000E-01, -0.630000000000000E-01, -0.700000000000000E-01
       1,       4,  0.000000000000000E+00,  0.000000000000000E+00,  0.000000000000000E+00,  0.000000000000000E+00,  0.000000000000000E+00,  0.000000000000000E+00,  0.000000000000000E+00
       2,      -4,  0.000000000000000E+00,  0.000000000000000E+00,  0.000000000000000E+00,  0.000000000000000E+00,  0.000000000000000E+00,  0.000000000000000E+00,  0.000000000000000E+00
       2,      -2,  0.000000000000000E+00,  0.000000000000000E+00,  0.000000000000000E+00,  0.000000000000000E+00,  0.000000000000000E+00,  0.000000000000000E+00,  0.000000000000000E+00
       2,       0,  0.000000000000000E+00,  0.000000000000000E+00,  0.000000000000000E+00,  0.000000000000000E+00,  0.000000000000000E+00,  0.000000000000000E+00,  0.000000000000000E+00
       2,       2,  0.000000000000000E+00,  0.000000000000000E+00,  0.000000000000000E+00,  0.000000000000000E+00,  0.000000000000000E+00,  0.000000000000000E+00,  0.000000000000000E+00
       2,       4,  0.000000000000000E+00,  0.000000000000000E+00,  0.000000000000000E+00,  0.000000000000000E+00,  0.000000000000000E+00,  0.000000000000000E+00,  0.000000000000000E+00
## X2: m,n,X2(1:nbase,iMode) ##############################################################################
       0,       2, -0.244457252366985E-17, -0.244457252366985E-17, -0.232234389748636E-17, -0.195565801893588E-17, -0.134451488801842E-17, -0.488914504733970E-18,  0.000000000000000E+00
       0,       4, -0.149213118495423E-18, -0.149213118495423E-18, -0.141752462570652E-18, -0.119370494796339E-18, -0.820672151724829E-19, -0.298426236990846E-19,  0.000000000000000E+00
       1,      -4,  0.000000000000000E+00,  0.000000000000000E+00,  0.000000000000000E+00,  0.000000000000000E+00,  0.000000000000000E+00,  0.000000000000000E+00,  0.000000000000000E+00
       1,      -2,  0.000000000000000E+00,  0.000000000000000E+00,  0.000000000000000E+00,  0.000000000000000E+00,  0.000000000000000E+00,  0.000000000000000E+00,  0.000000000000000E+00
       1,       0,  0.000000000000000E+00,  0.150000000000000E-01,  0.450000000000000E-01,  0.750000000000000E-01,  0.105000000000000E+00,  0.135000000000000E+00,  0.150000000000000E+00
       1,       2,  0.000000000000000E+00,  0.600000000000000E-02,  0.180000000000000E-01,  0.300000000000000E-01,  0.420000000000000E-01,  0.540000000000000E-01,  0.600000000000000E-01
       1,       4,  0.000000000000000E+00,  0.000000000000000E+00,  0.000000000000000E+00,  0.000000000000000E+00,  0.000000000000000E+00,  0.000000000000000E+00,  0.000000000000000E+00
       2,      -4,  0.000000000000000E+00,  0.000000000000000E+00,  0.000000000000000E+00,  0.000000000000000E+00,  0.000000000000000E+00,  0.000000000000000E+00,  0.000000000000000E+00
       2,      -2,  0.000000000000000E+00,  0.000000000000000E+00,  0.000000000000000E+00,  0.000000000000000E+00,  0.000000000000000E+00,  0.000000000000000E+00,  0.000000000000000E+00
       2,       0,  0.000000000000000E+00,  0.000000000000000E+00,  0.000000000000000E+00,  0.000000000000000E+00,  0.000000000000000E+00,  0.000000000000000E+00,  0.000000000000000E+00
       2,       2,  0.000000000000000E+00,  0.000000000000000E+00,  0.000000000000000E+00,  0.000000000000000E+00,  0.000000000000000E+00,  0.000000000000000E+00,  0.000000000000000E+00
       2,       4,  0.000000000000000E+00,  0.000000000000000E+00,  0.000000000000000E+00,  0.000000000000000E+00,  0.000000000000000E+00,  0.000000000000000E+00,  0.000000000000000E+00
## LA: m,n,LA(1:nbase,iMode) ##############################################################################
       0,       2,  0.000000000000000E+00,  0.000000000000000E+00,  0.000000000000000E+00,  0.000000000000000E+00,  0.000000000000000E+00,  0.000000000000000E+00,  0.000000000000000E+00
       0,       4,  0.000000000000000E+00,  0.000000000000000E+00,  0.000000000000000E+00,  0.000000000000000E+00,  0.000000000000000E+00,  0.000000000000000E+00,  0.000000000000000E+00
       1,      -4,  0.000000000000000E+00,  0.000000000000000E+00,  0.000000000000000E+00,  0.000000000000000E+00,  0.000000000000000E+00,  0.000000000000000E+00,  0.000000000000000E+00
       1,      -2,  0.000000000000000E+00,  0.000000000000000E+00,  0.000000000000000E+00,  0.000000000000000E+00,  0.000000000000000E+00,  0.000000000000000E+00,  0.000000000000000E+00
       1,       0,  0.000000000000000E+00,  0.000000000000000E+00,  0.000000000000000E+00,  0.000000000000000E+00,  0.000000000000000E+00,  0.000000000000000E+00,  0.000000000000000E+00
       1,       2,  0.000000000000000E+00,  0.000000000000000E+00,  0.000000000000000E+00,  0.000000000000000E+00,  0.000000000000000E+00,  0.000000000000000E+00,  0.000000000000000E+00
       1,       4,  0.000000000000000E+00,  0.000000000000000E+00,  0.000000000000000E+00,  0.000000000000000E+00,  0.000000000000000E+00,  0.000000000000000E+00,  0.000000000000000E+00
       2,      -4,  0.000000000000000E+00,  0.000000000000000E+00,  0.000000000000000E+00,  0.000000000000000E+00,  0.000000000000000E+00,  0.000000000000000E+00,  0.000000000000000E+00
       2,      -2,  0.000000000000000E+00,  0.000000000000000E+00,  0.000000000000000E+00,  0.000000000000000E+00,  0.000000000000000E+00,  0.000000000000000E+00,  0.000000000000000E+00
       2,       0,  0.000000000000000E+00,  0.000000000000000E+00,  0.000000000000000E+00,  0.000000000000000E+00,  0.000000000000000E+00,  0.000000000000000E+00,  0.000000000000000E+00
       2,       2,  0.000000000000000E+00,  0.000000000000000E+00,  0.000000000000000E+00,  0.000000000000000E+00,  0.000000000000000E+00,  0.000000000000000E+00,  0.000000000000000E+00
       2,       4,  0.000000000000000E+00,  0.000000000000000E+00,  0.000000000000000E+00,  0.000000000000000E+00,  0.000000000000000E+00,  0.000000000000000E+00,  0.000000000000000E+00
## at X1_base IP point positions (size nBase): spos,phi,chi,iota,pressure  ################################
  0.000000000000000E+00,  0.000000000000000E+00, -0.348094482248085E-10,  0.696188964503006E+00,  0.000000000000000E+00
  0.100000000000000E+00,  0.500000000065287E-04,  0.348046277796495E-04,  0.695999534409786E+00,  0.000000000000000E+00
  0.300000000000000E+00,  0.450000000058758E-03,  0.312954089846169E-03,  0.694841376387697E+00,  0.000000000000000E+00
  0.500000000000000E+00,  0.125000000016322E-02,  0.868245360767743E-03,  0.693480210938150E+00,  0.000000000000000E+00
  0.700000000000000E+00,  0.245000000031990E-02,  0.169889882266859E-02,  0.690504352328639E+00,  0.000000000000000E+00
  0.900000000000000E+00,  0.405000000052882E-02,  0.279955652954991E-02,  0.686247580311187E+00,  0.000000000000000E+00
  0.100000000000000E+01,  0.500000000065286E-02,  0.345248253200303E-02,  0.689684274683380E+00,  0.000000000000000E+00
## a_minor,r_major,volume  ################################################################################
  0.103923048454133E+00,  0.106301081844835E+01,  0.226616319046729E+00
