## MHD3D Solution... outputLevel and fileID:
0000,00200000
## grid: nElems, gridType #################################################################################
       1,       0
## grid: sp(0:nElems)
  0.000000000000000E+00,  0.100000000000000E+01
## global: nfp,degGP,mn_nyq(2),hmap #######################################################################
       2,       8,      25,      25,       1
## X1_base: s%nbase,s%deg,s%continuity,f%modes,f%sin_cos,f%excl_mn_zero ###################################
       7,       6,       5,      85,       2,       0
## X2_base: s%nbase,s%deg,s%continuity,f%modes,f%sin_cos,f%excl_mn_zero ###################################
       7,       6,       5,      84,       1,       0
## LA_base: s%nbase,s%deg,s%continuity,f%modes,f%sin_cos,f%excl_mn_zero ###################################
       7,       6,       5,     168,       3,       1
## X1: m,n,X1(1:nbase,iMode) ##############################################################################
       0,       0,  0.402210091270578E+01,  0.402210091270578E+01,  0.402160314145074E+01,  0.402060759894007E+01,  0.401838236228184E+01,  0.401346358569122E+01,  0.400000000000000E+01
       0,       2, -0.432421566948065E-01, -0.432421566948064E-01, -0.390702503640610E-01, -0.307264377025723E-01, -0.193716961205327E-01, -0.732798043832945E-02,  0.000000000000000E+00
       0,       4, -0.118143628722217E-03, -0.118143628722213E-03, -0.336037619817763E-03, -0.771825602008918E-03, -0.117106510860254E-02, -0.102487120621246E-02,  0.000000000000000E+00
       0,       6,  0.145276506224349E-03,  0.145276506224349E-03,  0.141443025586851E-03,  0.133776064311896E-03,  0.776470566882743E-04, -0.116201128706501E-03,  0.000000000000000E+00
       0,       8,  0.152984771454344E-05,  0.152984771454390E-05, -0.286552252721763E-04, -0.890253712456191E-04, -0.144396890044142E-03, -0.124402381344475E-03,  0.000000000000000E+00
       0,      10,  0.204580344740284E-06,  0.204580344740266E-06,  0.207857079735645E-04,  0.619479632312110E-04,  0.631698973701184E-04, -0.965913871048419E-04,  0.000000000000000E+00
       0,      12,  0.219145791894956E-06,  0.219145791894796E-06, -0.775144190767918E-05, -0.236926173068254E-04, -0.500648006148096E-04, -0.917888322501448E-04,  0.000000000000000E+00
       1,     -12, -0.454535496066997E-19,  0.213242313114419E-04,  0.426484626228834E-04,  0.443234059062499E-04,  0.669977313346012E-05, -0.456983282747426E-04,  0.000000000000000E+00
       1,     -10, -0.107291429639477E-18,  0.405847667850647E-04,  0.811695335701292E-04,  0.873838759782569E-04,  0.248573696325113E-04, -0.667970953726536E-04,  0.000000000000000E+00
       1,      -8,  0.883422042128371E-18,  0.921013424915722E-05,  0.184202684983155E-04, -0.422814461816038E-04, -0.242806858719681E-03, -0.429238455863888E-03,  0.000000000000000E+00
       1,      -6, -0.244852815419203E-17,  0.290841382343587E-03,  0.581682764687172E-03,  0.666916721100567E-03,  0.340935825653683E-03, -0.207350643493429E-03,  0.000000000000000E+00
       1,      -4,  0.484983848424866E-18,  0.614882848250170E-03,  0.122976569650034E-02,  0.150840128312244E-02,  0.111454234648856E-02,  0.217882982147244E-03,  0.000000000000000E+00
       1,      -2,  0.107236174031952E-16,  0.579062979636738E-01,  0.115812595927348E+00,  0.170635751263764E+00,  0.219292621345662E+00,  0.261070907672973E+00,  0.300000000000000E+00
       1,       0, -0.128183215715718E-16,  0.166083793344276E+00,  0.332167586688552E+00,  0.498817055229056E+00,  0.666597874162023E+00,  0.834773008018600E+00,  0.100000000000000E+01
       1,       2, -0.272734037554279E-17, -0.440719217315473E-02, -0.881438434630947E-02, -0.112255964516374E-01, -0.964484842131266E-02, -0.432223490710881E-02,  0.000000000000000E+00
       1,       4, -0.434938563393569E-17, -0.125509549583422E-03, -0.251019099166845E-03, -0.366552753860994E-03, -0.462134618776609E-03, -0.435532232405205E-03,  0.000000000000000E+00
       1,       6,  0.174140092178606E-17, -0.229037891269200E-03, -0.458075782538399E-03, -0.473843506257774E-03, -0.630708948775467E-04,  0.505649551921978E-03,  0.000000000000000E+00
       1,       8,  0.219752686576728E-18,  0.656174479889412E-04,  0.131234895977883E-03,  0.165981778949267E-03,  0.138987531885551E-03,  0.566660251720702E-04,  0.000000000000000E+00
       1,      10,  0.109453221814889E-18, -0.672538580905815E-04, -0.134507716181166E-03, -0.140291408531612E-03, -0.231347694017950E-04,  0.140785672571891E-03,  0.000000000000000E+00
       1,      12, -0.981017067882267E-20,  0.288247189797181E-05,  0.576494379594385E-05,  0.798466799261846E-05,  0.887889678669643E-05,  0.711156958323488E-05,  0.000000000000000E+00
       2,     -12, -0.183726897905123E-18,  0.191739620969852E-19, -0.153223675815316E-04, -0.459671027445989E-04, -0.756564823559081E-04, -0.718350601488964E-04,  0.000000000000000E+00
       2,     -10, -0.569544372158313E-18, -0.120773965502737E-17, -0.445138572108340E-04, -0.133541571632503E-03, -0.231837021574843E-03, -0.268907963657459E-03,  0.000000000000000E+00
       2,      -8, -0.238459824501660E-18,  0.789674378033494E-19, -0.368404688000751E-04, -0.110521406400212E-03, -0.234029483158615E-03, -0.433338039791676E-03,  0.000000000000000E+00
       2,      -6,  0.250852065837340E-17, -0.144862713282158E-17, -0.160672469245281E-03, -0.482017407735800E-03, -0.835106046650766E-03, -0.962080848348529E-03,  0.000000000000000E+00
       2,      -4, -0.306468294071270E-18,  0.109248632988670E-17, -0.842287569374387E-04, -0.252686270812261E-03, -0.627692640540575E-03, -0.145388806395414E-02,  0.000000000000000E+00
       2,      -2, -0.464844672191623E-17, -0.141608232153414E-16, -0.124172253505862E-02, -0.372516760517582E-02, -0.603779848667377E-02, -0.535454173219734E-02,  0.000000000000000E+00
       2,       0, -0.704282661088779E-18,  0.557640548557817E-18,  0.442033022969908E-03,  0.132609906890970E-02,  0.233886420956772E-02,  0.285366058844006E-02,  0.000000000000000E+00
       2,       2, -0.477152442388864E-17,  0.518311348692620E-17,  0.671828260058971E-03,  0.201548478017703E-02,  0.369562394380256E-02,  0.504155451783323E-02,  0.000000000000000E+00
       2,       4, -0.982621215934618E-19,  0.551980317730391E-18,  0.912864779544933E-04,  0.273859433863475E-03,  0.515873973683907E-03,  0.753640309329738E-03,  0.000000000000000E+00
       2,       6, -0.178311450900962E-17, -0.322362810310350E-18,  0.699053547093367E-04,  0.209716064127998E-03,  0.471750133098384E-03,  0.960643571305257E-03,  0.000000000000000E+00
       2,       8,  0.706195434570781E-18,  0.127722910543003E-18,  0.200002243355490E-04,  0.600006730066478E-04,  0.116268855093321E-03,  0.181339788755618E-03,  0.000000000000000E+00
       2,      10,  0.153955623562647E-18,  0.865986247641758E-19,  0.171301019001224E-04,  0.513903057003609E-04,  0.130361988013534E-03,  0.309207902065238E-03,  0.000000000000000E+00
       2,      12,  0.134637279863680E-19,  0.151619246473947E-19, -0.142688877599090E-05, -0.428066632797265E-05, -0.502694600841219E-05,  0.340304547775515E-05,  0.000000000000000E+00
       3,     -12,  0.000000000000000E+00, -0.410894685271841E-19, -0.357271520710574E-19, -0.507488893295056E-05, -0.202995557318018E-04, -0.338325928863355E-04,  0.000000000000000E+00
       3,     -10,  0.000000000000000E+00, -0.175297230068567E-17, -0.892302122047078E-18, -0.696277469727641E-05, -0.278510987891157E-04, -0.464184979818655E-04,  0.000000000000000E+00
       3,      -8,  0.000000000000000E+00,  0.272211211982907E-18,  0.326975821896929E-18,  0.241361505682951E-04,  0.965446022731826E-04,  0.160907670455311E-03,  0.000000000000000E+00
       3,      -6,  0.000000000000000E+00, -0.447868540411694E-17,  0.176788945986061E-18, -0.109259103578329E-05, -0.437036414315670E-05, -0.728394023860600E-05,  0.000000000000000E+00
       3,      -4,  0.000000000000000E+00, -0.728266674692436E-17, -0.238394936476872E-18,  0.569039550988247E-04,  0.227615820395279E-03,  0.379359700658779E-03,  0.000000000000000E+00
       3,      -2,  0.000000000000000E+00,  0.207898025084079E-17,  0.134163967175493E-17, -0.533614797634167E-04, -0.213445919053648E-03, -0.355743198422717E-03,  0.000000000000000E+00
       3,       0,  0.000000000000000E+00, -0.394397732811720E-17, -0.578322652083074E-18, -0.116233688618221E-03, -0.464934754472910E-03, -0.774891257454890E-03,  0.000000000000000E+00
       3,       2,  0.000000000000000E+00, -0.102443687161528E-16,  0.181073143311644E-17, -0.185620124082761E-04, -0.742480496331358E-04, -0.123746749388580E-03,  0.000000000000000E+00
       3,       4,  0.000000000000000E+00,  0.147890170235721E-17, -0.212277272130403E-17,  0.196202535482143E-04,  0.784810141928395E-04,  0.130801690321378E-03,  0.000000000000000E+00
       3,       6,  0.000000000000000E+00,  0.727078970682278E-18, -0.363091039533940E-19, -0.568576253063997E-05, -0.227430501225533E-04, -0.379050835375800E-04,  0.000000000000000E+00
       3,       8,  0.000000000000000E+00, -0.112905847648354E-18, -0.477414370876766E-18,  0.179415382892417E-04,  0.717661531569662E-04,  0.119610255261616E-03,  0.000000000000000E+00
       3,      10,  0.000000000000000E+00, -0.331982791577180E-19,  0.215238087023934E-19, -0.332877722213606E-05, -0.133151088885443E-04, -0.221918481475766E-04,  0.000000000000000E+00
       3,      12,  0.000000000000000E+00, -0.643427881411688E-19, -0.296582042455501E-19,  0.646124223370398E-06,  0.258449689348184E-05,  0.430749482246999E-05,  0.000000000000000E+00
       4,     -12,  0.000000000000000E+00,  0.252723685200928E-18, -0.157434171518425E-18, -0.416383638534618E-18, -0.188987087512457E-05, -0.944935437562118E-05,  0.000000000000000E+00
       4,     -10,  0.000000000000000E+00,  0.133750835157147E-17,  0.354822485913564E-18,  0.966615444126049E-18, -0.484175661995727E-05, -0.242087830997940E-04,  0.000000000000000E+00
       4,      -8,  0.000000000000000E+00,  0.472179848328101E-17, -0.397649185063318E-18, -0.816760317442433E-18,  0.388387224787935E-05,  0.194193612394064E-04,  0.000000000000000E+00
       4,      -6,  0.000000000000000E+00,  0.000000000000000E+00, -0.224529895008074E-19,  0.621995454918276E-18, -0.244706246715974E-04, -0.122353123358003E-03,  0.000000000000000E+00
       4,      -4,  0.000000000000000E+00,  0.000000000000000E+00, -0.318909128422826E-18,  0.185907011018965E-17,  0.552556034340627E-04,  0.276278017170317E-03,  0.000000000000000E+00
       4,      -2,  0.000000000000000E+00,  0.000000000000000E+00, -0.146261761065530E-17,  0.522761176296736E-18,  0.266245102570855E-04,  0.133122551285415E-03,  0.000000000000000E+00
       4,       0,  0.000000000000000E+00,  0.000000000000000E+00, -0.260959687703319E-17, -0.463654990238666E-18,  0.218953085425226E-04,  0.109476542712626E-03,  0.000000000000000E+00
       4,       2,  0.000000000000000E+00,  0.000000000000000E+00,  0.900954501244909E-19,  0.451503996344267E-18, -0.367696342432598E-04, -0.183848171216304E-03,  0.000000000000000E+00
       4,       4,  0.000000000000000E+00,  0.000000000000000E+00, -0.334239777842818E-18, -0.898458155922829E-18,  0.270471948780365E-05,  0.135235974390280E-04,  0.000000000000000E+00
       4,       6,  0.000000000000000E+00, -0.264408063540804E-18, -0.147007410271197E-18, -0.417420603954490E-19, -0.751122794693046E-05, -0.375561397346483E-04,  0.000000000000000E+00
       4,       8,  0.000000000000000E+00,  0.351720370768039E-18, -0.161519900499729E-18, -0.248225096710810E-18,  0.684597402740511E-05,  0.342298701370284E-04,  0.000000000000000E+00
       4,      10,  0.000000000000000E+00, -0.135525073566898E-18, -0.403071381761690E-19,  0.128549072874270E-20, -0.182913496928771E-05, -0.914567484643679E-05,  0.000000000000000E+00
       4,      12,  0.000000000000000E+00, -0.408540873745119E-19,  0.520929116859059E-21,  0.597405863796478E-20,  0.975781552900054E-07,  0.487890776450217E-06,  0.000000000000000E+00
       5,     -12,  0.000000000000000E+00,  0.000000000000000E+00,  0.000000000000000E+00,  0.000000000000000E+00,  0.000000000000000E+00,  0.000000000000000E+00,  0.000000000000000E+00
       5,     -10,  0.000000000000000E+00,  0.000000000000000E+00,  0.000000000000000E+00,  0.000000000000000E+00,  0.000000000000000E+00,  0.000000000000000E+00,  0.000000000000000E+00
       5,      -8,  0.000000000000000E+00,  0.000000000000000E+00,  0.000000000000000E+00,  0.000000000000000E+00,  0.000000000000000E+00,  0.000000000000000E+00,  0.000000000000000E+00
       5,      -6,  0.000000000000000E+00,  0.000000000000000E+00,  0.000000000000000E+00,  0.000000000000000E+00,  0.000000000000000E+00,  0.000000000000000E+00,  0.000000000000000E+00
       5,      -4,  0.000000000000000E+00,  0.000000000000000E+00,  0.000000000000000E+00,  0.000000000000000E+00,  0.000000000000000E+00,  0.000000000000000E+00,  0.000000000000000E+00
       5,      -2,  0.000000000000000E+00,  0.000000000000000E+00,  0.000000000000000E+00,  0.000000000000000E+00,  0.000000000000000E+00,  0.000000000000000E+00,  0.000000000000000E+00
       5,       0,  0.000000000000000E+00,  0.000000000000000E+00,  0.000000000000000E+00,  0.000000000000000E+00,  0.000000000000000E+00,  0.000000000000000E+00,  0.000000000000000E+00
       5,       2,  0.000000000000000E+00,  0.000000000000000E+00,  0.000000000000000E+00,  0.000000000000000E+00,  0.000000000000000E+00,  0.000000000000000E+00,  0.000000000000000E+00
       5,       4,  0.000000000000000E+00,  0.000000000000000E+00,  0.000000000000000E+00,  0.000000000000000E+00,  0.000000000000000E+00,  0.000000000000000E+00,  0.000000000000000E+00
       5,       6,  0.000000000000000E+00,  0.000000000000000E+00,  0.000000000000000E+00,  0.000000000000000E+00,  0.000000000000000E+00,  0.000000000000000E+00,  0.000000000000000E+00
       5,       8,  0.000000000000000E+00,  0.000000000000000E+00,  0.000000000000000E+00,  0.000000000000000E+00,  0.000000000000000E+00,  0.000000000000000E+00,  0.000000000000000E+00
       5,      10,  0.000000000000000E+00,  0.000000000000000E+00,  0.000000000000000E+00,  0.000000000000000E+00,  0.000000000000000E+00,  0.000000000000000E+00,  0.000000000000000E+00
       5,      12,  0.000000000000000E+00,  0.000000000000000E+00,  0.000000000000000E+00,  0.000000000000000E+00,  0.000000000000000E+00,  0.000000000000000E+00,  0.000000000000000E+00
       6,     -12,  0.000000000000000E+00,  0.000000000000000E+00,  0.000000000000000E+00,  0.000000000000000E+00,  0.000000000000000E+00,  0.000000000000000E+00,  0.000000000000000E+00
       6,     -10,  0.000000000000000E+00,  0.000000000000000E+00,  0.000000000000000E+00,  0.000000000000000E+00,  0.000000000000000E+00,  0.000000000000000E+00,  0.000000000000000E+00
       6,      -8,  0.000000000000000E+00,  0.000000000000000E+00,  0.000000000000000E+00,  0.000000000000000E+00,  0.000000000000000E+00,  0.000000000000000E+00,  0.000000000000000E+00
       6,      -6,  0.000000000000000E+00,  0.000000000000000E+00,  0.000000000000000E+00,  0.000000000000000E+00,  0.000000000000000E+00,  0.000000000000000E+00,  0.000000000000000E+00
       6,      -4,  0.000000000000000E+00,  0.000000000000000E+00,  0.000000000000000E+00,  0.000000000000000E+00,  0.000000000000000E+00,  0.000000000000000E+00,  0.000000000000000E+00
       6,      -2,  0.000000000000000E+00,  0.000000000000000E+00,  0.000000000000000E+00,  0.000000000000000E+00,  0.000000000000000E+00,  0.000000000000000E+00,  0.000000000000000E+00
       6,       0,  0.000000000000000E+00,  0.000000000000000E+00,  0.000000000000000E+00,  0.000000000000000E+00,  0.000000000000000E+00,  0.000000000000000E+00,  0.000000000000000E+00
       6,       2,  0.000000000000000E+00,  0.000000000000000E+00,  0.000000000000000E+00,  0.000000000000000E+00,  0.000000000000000E+00,  0.000000000000000E+00,  0.000000000000000E+00
       6,       4,  0.000000000000000E+00,  0.000000000000000E+00,  0.000000000000000E+00,  0.000000000000000E+00,  0.000000000000000E+00,  0.000000000000000E+00,  0.000000000000000E+00
       6,       6,  0.000000000000000E+00,  0.000000000000000E+00,  0.000000000000000E+00,  0.000000000000000E+00,  0.000000000000000E+00,  0.000000000000000E+00,  0.000000000000000E+00
       6,       8,  0.000000000000000E+00,  0.000000000000000E+00,  0.000000000000000E+00,  0.000000000000000E+00,  0.000000000000000E+00,  0.000000000000000E+00,  0.000000000000000E+00
       6,      10,  0.000000000000000E+00,  0.000000000000000E+00,  0.000000000000000E+00,  0.000000000000000E+00,  0.000000000000000E+00,  0.000000000000000E+00,  0.000000000000000E+00
       6,      12,  0.000000000000000E+00,  0.000000000000000E+00,  0.000000000000000E+00,  0.000000000000000E+00,  0.000000000000000E+00,  0.000000000000000E+00,  0.000000000000000E+00
## X2: m,n,X2(1:nbase,iMode) ##############################################################################
       0,       2, -0.237475337339342E+00, -0.237475337339342E+00, -0.232397985009416E+00, -0.222243280349561E+00, -0.208974461616589E+00, -0.196518005324172E+00, -0.200000000000000E+00
       0,       4, -0.543013882105823E-03, -0.543013882105822E-03, -0.615004049420251E-03, -0.758984384049126E-03, -0.876619444086255E-03, -0.771238345719334E-03,  0.000000000000000E+00
       0,       6,  0.122498631867662E-03,  0.122498631867662E-03,  0.263643594100982E-03,  0.545933518567641E-03,  0.969611184085071E-03,  0.153516214828813E-02,  0.000000000000000E+00
       0,       8,  0.675740740456246E-07,  0.675740740457158E-07, -0.227408271849437E-04, -0.683576297029258E-04, -0.101888964295864E-03, -0.535470925956828E-04,  0.000000000000000E+00
       0,      10,  0.769065606901223E-06,  0.769065606901253E-06,  0.581016783874905E-04,  0.172766903948676E-03,  0.334081989291003E-03,  0.520681428415654E-03,  0.000000000000000E+00
       0,      12,  0.312075004641220E-07,  0.312075004646101E-07, -0.726917702377273E-05, -0.218699460722467E-04, -0.474743372111908E-04, -0.914888255730571E-04,  0.000000000000000E+00
       1,     -12,  0.334364685684964E-18, -0.207085406179803E-04, -0.414170812359627E-04, -0.428504580013688E-04, -0.573350706162122E-05,  0.456669298785884E-04,  0.000000000000000E+00
       1,     -10, -0.388637296476624E-18,  0.904421208697855E-04,  0.180884241739572E-03,  0.182050946955194E-03,  0.466682086247497E-05, -0.233400954215299E-03,  0.000000000000000E+00
       1,      -8,  0.754497088670878E-18, -0.164843708150703E-03, -0.329687416301405E-03, -0.353329281656257E-03, -0.945674614194138E-04,  0.281970786036185E-03,  0.000000000000000E+00
       1,      -6,  0.288587381818581E-20,  0.246031582333748E-03,  0.492063164667498E-03,  0.468814762929763E-03, -0.929936069508913E-04, -0.811073564474783E-03,  0.000000000000000E+00
       1,      -4, -0.564051134398877E-18, -0.371475530793381E-03, -0.742951061586763E-03, -0.780757173833253E-03, -0.151224448986070E-03,  0.738560667138932E-03,  0.000000000000000E+00
       1,      -2,  0.208861392863878E-17, -0.504146962323483E-01, -0.100829392464697E+00, -0.151620278217725E+00, -0.203163543012133E+00, -0.254166715067281E+00, -0.300000000000000E+00
       1,       0, -0.691949959552108E-17,  0.169048435730428E+00,  0.338096871460856E+00,  0.506314852779069E+00,  0.672871925272736E+00,  0.837324046840090E+00,  0.100000000000000E+01
       1,       2,  0.250965066717959E-17, -0.456464471194690E-02, -0.912928942389380E-02, -0.116661841643295E-01, -0.101475789617439E-01, -0.474024570438100E-02,  0.000000000000000E+00
       1,       4,  0.156174468625437E-17,  0.381940375155464E-04,  0.763880750310956E-04,  0.325840417333766E-04, -0.175216133190881E-03, -0.393877655359572E-03,  0.000000000000000E+00
       1,       6,  0.485104526635739E-18, -0.286284471830832E-03, -0.572568943661665E-03, -0.644444991286732E-03, -0.287504190500331E-03,  0.284251607381649E-03,  0.000000000000000E+00
       1,       8,  0.205043732621772E-18,  0.106778327063399E-03,  0.213556654126798E-03,  0.288144338307088E-03,  0.298350736721178E-03,  0.212509022366223E-03,  0.000000000000000E+00
       1,      10,  0.515104364161695E-19, -0.686474381822565E-04, -0.137294876364515E-03, -0.151174459812948E-03, -0.555183337937571E-04,  0.905292788297498E-04,  0.000000000000000E+00
       1,      12,  0.663239499740678E-20,  0.209550324845949E-05,  0.419100649691898E-05,  0.681211332357432E-05,  0.104844273066197E-04,  0.118860368484737E-04,  0.000000000000000E+00
       2,     -12,  0.197793377021383E-18,  0.994648304953289E-19,  0.136805586386824E-04,  0.410416759160486E-04,  0.696059229976046E-04,  0.744184422143550E-04,  0.000000000000000E+00
       2,     -10, -0.138426300151740E-17, -0.196386343457676E-18, -0.443058308527111E-04, -0.132917492558135E-03, -0.221794154971765E-03, -0.222854157804604E-03,  0.000000000000000E+00
       2,      -8,  0.257517990340026E-17,  0.998312630097629E-18,  0.322814394478498E-04,  0.968443183435599E-04,  0.150191702604296E-03,  0.105329724064455E-03,  0.000000000000000E+00
       2,      -6, -0.898667292440572E-17, -0.601653368785443E-17, -0.579427030959990E-04, -0.173828109287991E-03, -0.359667692041023E-03, -0.639484398285115E-03,  0.000000000000000E+00
       2,      -4,  0.368611317102113E-17,  0.826577685344026E-18, -0.170378831358781E-03, -0.511136494076374E-03, -0.630848843625614E-03,  0.253332409047937E-03,  0.000000000000000E+00
       2,      -2,  0.364516976904829E-17,  0.317636425340519E-17, -0.773417467901662E-03, -0.232025240370483E-02, -0.484942420495612E-02, -0.877877166674797E-02,  0.000000000000000E+00
       2,       0,  0.463194448616315E-17,  0.584844096628211E-17,  0.297346649317019E-04,  0.892039947950896E-04,  0.886596108707070E-04, -0.151395244280310E-03,  0.000000000000000E+00
       2,       2, -0.197816712709323E-17, -0.425193257881082E-17,  0.642840285708244E-03,  0.192852085712470E-02,  0.345457713479701E-02,  0.441607995982046E-02,  0.000000000000000E+00
       2,       4,  0.177909285071158E-18, -0.118769499968498E-17,  0.453826617461837E-04,  0.136147985238554E-03,  0.236418128376369E-03,  0.274437406958133E-03,  0.000000000000000E+00
       2,       6,  0.206229311529652E-17,  0.125819228881780E-17,  0.623811163734141E-04,  0.187143349120272E-03,  0.408581810274016E-03,  0.795286723901753E-03,  0.000000000000000E+00
       2,       8, -0.568537159283137E-18, -0.358341722202812E-19,  0.776678323139005E-05,  0.233003496941708E-04,  0.447404996069253E-04,  0.683668334068119E-04,  0.000000000000000E+00
       2,      10,  0.205904142182191E-18,  0.663463313573855E-18,  0.182396572508218E-04,  0.547189717524631E-04,  0.130750860523364E-03,  0.288961157600404E-03,  0.000000000000000E+00
       2,      12,  0.131202078466237E-19, -0.227382740110536E-19, -0.138442161374012E-05, -0.415326484122038E-05, -0.462075804987222E-05,  0.458464202544015E-05,  0.000000000000000E+00
       3,     -12,  0.000000000000000E+00, -0.734585460879688E-18,  0.279899399568113E-18,  0.543473721583588E-05,  0.217389488633412E-04,  0.362315814389008E-04,  0.000000000000000E+00
       3,     -10,  0.000000000000000E+00,  0.506307401888580E-18,  0.626703913592606E-19, -0.272248442343240E-04, -0.108899376937296E-03, -0.181498961562156E-03,  0.000000000000000E+00
       3,      -8,  0.000000000000000E+00, -0.557847239999307E-17, -0.118495946446968E-17,  0.436916979145231E-04,  0.174766791658066E-03,  0.291277986096755E-03,  0.000000000000000E+00
       3,      -6,  0.000000000000000E+00, -0.347614911229391E-17, -0.872958409277298E-18, -0.591509314963083E-04, -0.236603725985222E-03, -0.394339543308698E-03,  0.000000000000000E+00
       3,      -4,  0.000000000000000E+00, -0.399262349715344E-18,  0.514097847851244E-17,  0.436366522482884E-04,  0.174546608993161E-03,  0.290911014988629E-03,  0.000000000000000E+00
       3,      -2,  0.000000000000000E+00,  0.682676323889082E-17, -0.501167573717819E-17,  0.146836629983088E-03,  0.587346519932331E-03,  0.978910866553856E-03,  0.000000000000000E+00
       3,       0,  0.000000000000000E+00, -0.420188956304063E-17,  0.765661895778111E-18, -0.856205955575536E-04, -0.342482382230237E-03, -0.570803970383730E-03,  0.000000000000000E+00
       3,       2,  0.000000000000000E+00,  0.643567686392938E-18,  0.603282957088995E-17, -0.341553414775121E-04, -0.136621365910085E-03, -0.227702276516852E-03,  0.000000000000000E+00
       3,       4,  0.000000000000000E+00,  0.371425959067170E-17,  0.228832422426207E-18,  0.267913213295692E-04,  0.107165285318292E-03,  0.178608808863833E-03,  0.000000000000000E+00
       3,       6,  0.000000000000000E+00, -0.423866050556009E-17, -0.180706631742819E-17, -0.175607162670481E-04, -0.702428650682057E-04, -0.117071441780355E-03,  0.000000000000000E+00
       3,       8,  0.000000000000000E+00, -0.221218185346257E-18, -0.267831581476956E-18,  0.201991191071680E-04,  0.807964764286725E-04,  0.134660794047784E-03,  0.000000000000000E+00
       3,      10,  0.000000000000000E+00, -0.658751048708399E-19, -0.479185106234961E-19, -0.379717627764214E-05, -0.151887051105689E-04, -0.253145085176183E-04,  0.000000000000000E+00
       3,      12,  0.000000000000000E+00, -0.843977992730670E-19,  0.576478774676036E-19,  0.701545859906156E-06,  0.280618343962412E-05,  0.467697239937380E-05,  0.000000000000000E+00
       4,     -12,  0.000000000000000E+00, -0.398092960851658E-18,  0.467209353657289E-18,  0.122026920078771E-17,  0.191173679826125E-05,  0.955868399129325E-05,  0.000000000000000E+00
       4,     -10,  0.000000000000000E+00,  0.423566567734858E-18,  0.181753957937917E-17,  0.311742725868918E-17, -0.829464655044492E-05, -0.414732327522310E-04,  0.000000000000000E+00
       4,      -8,  0.000000000000000E+00,  0.161494487450885E-17,  0.908940583529633E-18,  0.178960393120206E-17,  0.829108924657274E-05,  0.414554462328592E-04,  0.000000000000000E+00
       4,      -6,  0.000000000000000E+00,  0.000000000000000E+00, -0.389501847316929E-18, -0.383305470698484E-18, -0.104810140373961E-04, -0.524050701869795E-04,  0.000000000000000E+00
       4,      -4,  0.000000000000000E+00,  0.000000000000000E+00, -0.448605872896884E-18, -0.787863458256480E-18, -0.143727379489152E-05, -0.718636897443881E-05,  0.000000000000000E+00
       4,      -2,  0.000000000000000E+00,  0.000000000000000E+00, -0.807615906853336E-18, -0.114924743477336E-17, -0.601579746138487E-04, -0.300789873069270E-03,  0.000000000000000E+00
       4,       0,  0.000000000000000E+00,  0.000000000000000E+00, -0.185681687154774E-17,  0.397246764685335E-17,  0.395888123040578E-04,  0.197944061520220E-03,  0.000000000000000E+00
       4,       2,  0.000000000000000E+00,  0.000000000000000E+00,  0.936087746895917E-18,  0.277705573918579E-18, -0.399551530510419E-04, -0.199775765255202E-03,  0.000000000000000E+00
       4,       4,  0.000000000000000E+00, -0.916954204482322E-18,  0.113873142403769E-17,  0.856422153470873E-18,  0.873857096838451E-05,  0.436928548419243E-04,  0.000000000000000E+00
       4,       6,  0.000000000000000E+00, -0.144775641874674E-18, -0.676923878533568E-19, -0.164441135730654E-18, -0.119939145560720E-04, -0.599695727803533E-04,  0.000000000000000E+00
       4,       8,  0.000000000000000E+00,  0.171054225515082E-18, -0.319758435612601E-19,  0.157525258479995E-18,  0.803871404417764E-05,  0.401935702208835E-04,  0.000000000000000E+00
       4,      10,  0.000000000000000E+00, -0.114445918610907E-18, -0.505699380113555E-19, -0.292179723243087E-19, -0.187651380320167E-05, -0.938256901600524E-05,  0.000000000000000E+00
       4,      12,  0.000000000000000E+00,  0.239953715047821E-19, -0.838408595255345E-20, -0.622278085042608E-20,  0.122921783713124E-06,  0.614608918565256E-06,  0.000000000000000E+00
       5,     -12,  0.000000000000000E+00,  0.000000000000000E+00,  0.000000000000000E+00,  0.000000000000000E+00,  0.000000000000000E+00,  0.000000000000000E+00,  0.000000000000000E+00
       5,     -10,  0.000000000000000E+00,  0.000000000000000E+00,  0.000000000000000E+00,  0.000000000000000E+00,  0.000000000000000E+00,  0.000000000000000E+00,  0.000000000000000E+00
       5,      -8,  0.000000000000000E+00,  0.000000000000000E+00,  0.000000000000000E+00,  0.000000000000000E+00,  0.000000000000000E+00,  0.000000000000000E+00,  0.000000000000000E+00
       5,      -6,  0.000000000000000E+00,  0.000000000000000E+00,  0.000000000000000E+00,  0.000000000000000E+00,  0.000000000000000E+00,  0.000000000000000E+00,  0.000000000000000E+00
       5,      -4,  0.000000000000000E+00,  0.000000000000000E+00,  0.000000000000000E+00,  0.000000000000000E+00,  0.000000000000000E+00,  0.000000000000000E+00,  0.000000000000000E+00
       5,      -2,  0.000000000000000E+00,  0.000000000000000E+00,  0.000000000000000E+00,  0.000000000000000E+00,  0.000000000000000E+00,  0.000000000000000E+00,  0.000000000000000E+00
       5,       0,  0.000000000000000E+00,  0.000000000000000E+00,  0.000000000000000E+00,  0.000000000000000E+00,  0.000000000000000E+00,  0.000000000000000E+00,  0.000000000000000E+00
       5,       2,  0.000000000000000E+00,  0.000000000000000E+00,  0.000000000000000E+00,  0.000000000000000E+00,  0.000000000000000E+00,  0.000000000000000E+00,  0.000000000000000E+00
       5,       4,  0.000000000000000E+00,  0.000000000000000E+00,  0.000000000000000E+00,  0.000000000000000E+00,  0.000000000000000E+00,  0.000000000000000E+00,  0.000000000000000E+00
       5,       6,  0.000000000000000E+00,  0.000000000000000E+00,  0.000000000000000E+00,  0.000000000000000E+00,  0.000000000000000E+00,  0.000000000000000E+00,  0.000000000000000E+00
       5,       8,  0.000000000000000E+00,  0.000000000000000E+00,  0.000000000000000E+00,  0.000000000000000E+00,  0.000000000000000E+00,  0.000000000000000E+00,  0.000000000000000E+00
       5,      10,  0.000000000000000E+00,  0.000000000000000E+00,  0.000000000000000E+00,  0.000000000000000E+00,  0.000000000000000E+00,  0.000000000000000E+00,  0.000000000000000E+00
       5,      12,  0.000000000000000E+00,  0.000000000000000E+00,  0.000000000000000E+00,  0.000000000000000E+00,  0.000000000000000E+00,  0.000000000000000E+00,  0.000000000000000E+00
       6,     -12,  0.000000000000000E+00,  0.000000000000000E+00,  0.000000000000000E+00,  0.000000000000000E+00,  0.000000000000000E+00,  0.000000000000000E+00,  0.000000000000000E+00
       6,     -10,  0.000000000000000E+00,  0.000000000000000E+00,  0.000000000000000E+00,  0.000000000000000E+00,  0.000000000000000E+00,  0.000000000000000E+00,  0.000000000000000E+00
       6,      -8,  0.000000000000000E+00,  0.000000000000000E+00,  0.000000000000000E+00,  0.000000000000000E+00,  0.000000000000000E+00,  0.000000000000000E+00,  0.000000000000000E+00
       6,      -6,  0.000000000000000E+00,  0.000000000000000E+00,  0.000000000000000E+00,  0.000000000000000E+00,  0.000000000000000E+00,  0.000000000000000E+00,  0.000000000000000E+00
       6,      -4,  0.000000000000000E+00,  0.000000000000000E+00,  0.000000000000000E+00,  0.000000000000000E+00,  0.000000000000000E+00,  0.000000000000000E+00,  0.000000000000000E+00
       6,      -2,  0.000000000000000E+00,  0.000000000000000E+00,  0.000000000000000E+00,  0.000000000000000E+00,  0.000000000000000E+00,  0.000000000000000E+00,  0.000000000000000E+00
       6,       0,  0.000000000000000E+00,  0.000000000000000E+00,  0.000000000000000E+00,  0.000000000000000E+00,  0.000000000000000E+00,  0.000000000000000E+00,  0.000000000000000E+00
       6,       2,  0.000000000000000E+00,  0.000000000000000E+00,  0.000000000000000E+00,  0.000000000000000E+00,  0.000000000000000E+00,  0.000000000000000E+00,  0.000000000000000E+00
       6,       4,  0.000000000000000E+00,  0.000000000000000E+00,  0.000000000000000E+00,  0.000000000000000E+00,  0.000000000000000E+00,  0.000000000000000E+00,  0.000000000000000E+00
       6,       6,  0.000000000000000E+00,  0.000000000000000E+00,  0.000000000000000E+00,  0.000000000000000E+00,  0.000000000000000E+00,  0.000000000000000E+00,  0.000000000000000E+00
       6,       8,  0.000000000000000E+00,  0.000000000000000E+00,  0.000000000000000E+00,  0.000000000000000E+00,  0.000000000000000E+00,  0.000000000000000E+00,  0.000000000000000E+00
       6,      10,  0.000000000000000E+00,  0.000000000000000E+00,  0.000000000000000E+00,  0.000000000000000E+00,  0.000000000000000E+00,  0.000000000000000E+00,  0.000000000000000E+00
       6,      12,  0.000000000000000E+00,  0.000000000000000E+00,  0.000000000000000E+00,  0.000000000000000E+00,  0.000000000000000E+00,  0.000000000000000E+00,  0.000000000000000E+00
## LA: m,n,LA(1:nbase,iMode) ##############################################################################
       0,       2,  0.353739825724586E-02,  0.353739825724586E-02,  0.747087731047579E-02,  0.153378354169358E-01,  0.259370412421603E-01,  0.368660321172183E-01,  0.489037574101485E-01
       0,       4, -0.128192286498500E-02, -0.128192286498500E-02, -0.130257228809760E-02, -0.134387113432268E-02, -0.135498187487356E-02, -0.123422945217706E-02, -0.388893042103970E-03
       0,       6, -0.320846980863138E-02, -0.320846980863138E-02, -0.266685985249026E-02, -0.158363994020803E-02, -0.334068907397140E-03,  0.331335574717880E-03, -0.841995253599417E-04
       0,       8,  0.962775017093571E-03,  0.962775017093571E-03,  0.886998278063555E-03,  0.735444800003469E-03,  0.504243083045674E-03,  0.185650127454787E-03, -0.378652464692410E-05
       0,      10, -0.790052911207464E-03, -0.790052911207464E-03, -0.641678420732799E-03, -0.344929439783451E-03, -0.131901036541334E-04,  0.126771317065738E-03, -0.745928294914434E-06
       0,      12,  0.961270433897871E-05,  0.961270433897871E-05,  0.113465630412300E-04,  0.148142804457330E-04,  0.192425653288248E-04,  0.230848352431736E-04,  0.403053055704100E-06
       1,     -12,  0.000000000000000E+00,  0.500678334701777E-05,  0.100135666940356E-04,  0.138884673250532E-04,  0.154996025240729E-04,  0.126326217436694E-04,  0.908238773569984E-06
       1,     -10,  0.000000000000000E+00, -0.247317469379966E-03, -0.494634938759935E-03, -0.656663432920571E-03, -0.648113976642558E-03, -0.420719667581160E-03, -0.257749140968386E-06
       1,      -8,  0.000000000000000E+00,  0.416751085828267E-04,  0.833502171656521E-04,  0.456917809946569E-04, -0.150633744683958E-03, -0.362451687421750E-03, -0.157094036558784E-05
       1,      -6,  0.000000000000000E+00, -0.602476561925302E-03, -0.120495312385060E-02, -0.164884158788206E-02, -0.177555385612616E-02, -0.135254035650806E-02,  0.671431408909009E-06
       1,      -4,  0.000000000000000E+00, -0.655792806055017E-03, -0.131158561211003E-02, -0.187159204024298E-02, -0.224002571253195E-02, -0.217204589770262E-02, -0.112470315777600E-02
       1,      -2,  0.000000000000000E+00,  0.901143107918847E-02,  0.180228621583769E-01,  0.272005644636676E-01,  0.367108092211589E-01,  0.490021671844054E-01,  0.710878081618476E-01
       1,       0,  0.000000000000000E+00, -0.471133983132893E-01, -0.942267966265786E-01, -0.143186333783387E+00, -0.195838148627231E+00, -0.255014347263502E+00, -0.325518970321305E+00
       1,       2,  0.000000000000000E+00,  0.337684139841428E-02,  0.675368279682857E-02,  0.898138179886598E-02,  0.891079600815044E-02,  0.437172233321305E-02, -0.884816370759329E-02
       1,       4,  0.000000000000000E+00,  0.443262248814594E-03,  0.886524497629188E-03,  0.123334321035181E-02,  0.138727485089056E-02,  0.115256632238966E-02,  0.134845406466564E-03
       1,       6,  0.000000000000000E+00,  0.428864982105935E-03,  0.857729964211870E-03,  0.128596307746783E-02,  0.171293245302400E-02,  0.171590167470454E-02,  0.279252316826354E-04
       1,       8,  0.000000000000000E+00,  0.498635755517148E-04,  0.997271511034293E-04,  0.140722134394886E-03,  0.163979933165813E-03,  0.140583357922129E-03,  0.151802470210791E-05
       1,      10,  0.000000000000000E+00,  0.108235966197740E-03,  0.216471932395482E-03,  0.349092374660452E-03,  0.530481769059838E-03,  0.595351564946559E-03, -0.932841755181216E-06
       1,      12,  0.000000000000000E+00, -0.271658337324604E-05, -0.543316674649212E-05, -0.680257275801465E-05, -0.547762404609061E-05, -0.190321850746220E-05, -0.108404555803342E-06
       2,     -12,  0.000000000000000E+00,  0.304533466190039E-18, -0.675048378039650E-05, -0.202514513411883E-04, -0.285410404743888E-04, -0.769552676401014E-05, -0.164932171446949E-07
       2,     -10,  0.000000000000000E+00, -0.185854176125080E-18, -0.326842828271997E-04, -0.980528484816047E-04, -0.157453844196762E-03, -0.133583564439829E-03, -0.283553836090658E-05
       2,      -8,  0.000000000000000E+00, -0.141480126706864E-18,  0.686977580919885E-04,  0.206093274275967E-03,  0.366003284302102E-03,  0.456061259670664E-03,  0.764949224847425E-05
       2,      -6,  0.000000000000000E+00,  0.000000000000000E+00, -0.638843213359895E-04, -0.191652964007954E-03, -0.299894261207706E-03, -0.221784879318895E-03, -0.278611998511337E-04
       2,      -4,  0.000000000000000E+00,  0.000000000000000E+00,  0.111833509617692E-03,  0.335500528853072E-03,  0.739428220892770E-03,  0.146047091210994E-02,  0.890472041067595E-03
       2,      -2,  0.000000000000000E+00,  0.000000000000000E+00, -0.292547662519168E-02, -0.877642987557536E-02, -0.174627058720409E-01, -0.288039968563692E-01, -0.431646073624453E-01
       2,       0,  0.000000000000000E+00,  0.000000000000000E+00,  0.103750904449835E-02,  0.311252713349497E-02,  0.625555184985783E-02,  0.105275783593241E-01,  0.193796072301016E-01
       2,       2,  0.000000000000000E+00,  0.000000000000000E+00, -0.255514953328575E-03, -0.766544859985763E-03, -0.124211859303268E-02, -0.110029389859169E-02,  0.129898007566436E-02
       2,       4,  0.000000000000000E+00,  0.000000000000000E+00,  0.337780121401167E-04,  0.101334036420341E-03,  0.170588252579410E-03,  0.177381020094767E-03, -0.188708582212521E-04
       2,       6,  0.000000000000000E+00,  0.528614084119649E-18, -0.594893340990470E-04, -0.178468002297140E-03, -0.319015902136150E-03, -0.405292828699797E-03, -0.134184288174701E-04
       2,       8,  0.000000000000000E+00, -0.948691838006977E-19,  0.478616871698045E-04,  0.143585061509416E-03,  0.236695079209967E-03,  0.226241652653722E-03, -0.573829556682446E-05
       2,      10,  0.000000000000000E+00, -0.667518297355862E-19, -0.152306394946877E-04, -0.456919184840593E-04, -0.883271524443189E-04, -0.137022972327816E-03, -0.419584349515721E-06
       2,      12,  0.000000000000000E+00, -0.829154287384791E-19,  0.389724846859728E-06,  0.116917454057951E-05,  0.312330498224936E-05,  0.782202797405030E-05, -0.122060145404808E-05
       3,     -12,  0.000000000000000E+00,  0.296242065892744E-19, -0.124914771092497E-18,  0.180055866227958E-05,  0.720223464911843E-05,  0.119466894966509E-04, -0.342209511279609E-06
       3,     -10,  0.000000000000000E+00, -0.743012716283268E-18, -0.399149677228117E-18, -0.237643612217018E-05, -0.950574448868224E-05, -0.153944793761388E-04,  0.269056862998650E-05
       3,      -8,  0.000000000000000E+00, -0.779744837723430E-18, -0.155948967544686E-17,  0.439153768404958E-05,  0.175661507362048E-04,  0.282511986965618E-04, -0.615431518271938E-05
       3,      -6,  0.000000000000000E+00, -0.111158107699502E-17, -0.222316215399005E-17,  0.127982844071884E-05,  0.511931376289242E-05,  0.350653456284144E-04,  0.159198936141508E-03
       3,      -4,  0.000000000000000E+00, -0.239324350957136E-20, -0.478648701914273E-20, -0.921513959001199E-04, -0.368605583600480E-03, -0.971727189083124E-03, -0.214430729849405E-02
       3,      -2,  0.000000000000000E+00,  0.664333701911981E-18,  0.132866740382396E-17,  0.680719437949680E-03,  0.272287775179871E-02,  0.508844198933498E-02,  0.330187441802174E-02
       3,       0,  0.000000000000000E+00, -0.379340646732440E-17, -0.758681293464880E-17, -0.406925231598890E-04, -0.162770092639518E-03, -0.567931187240514E-03, -0.177988619704781E-02
       3,       2,  0.000000000000000E+00,  0.118235264179444E-17,  0.236470528358888E-17, -0.317392841713116E-04, -0.126957136685254E-03, -0.242277099349067E-03, -0.184091229241807E-03
       3,       4,  0.000000000000000E+00, -0.867096052223250E-18, -0.173419210444650E-17, -0.483428549370203E-05, -0.193371419748155E-04, -0.329326177851235E-04, -0.422428696253731E-05
       3,       6,  0.000000000000000E+00,  0.233307621768672E-18,  0.466615243537344E-18, -0.633923943860912E-05, -0.253569577544389E-04, -0.418928832856958E-04,  0.221227783023500E-05
       3,       8,  0.000000000000000E+00,  0.192482008136716E-18,  0.384964016273432E-18,  0.282545665411880E-05,  0.113018266164747E-04,  0.186376730436545E-04, -0.119222790283184E-05
       3,      10,  0.000000000000000E+00, -0.106495102595893E-18,  0.117024305425182E-18, -0.574015230873104E-06, -0.229606092349258E-05, -0.371498965377748E-05,  0.670671312269545E-06
       3,      12,  0.000000000000000E+00, -0.103421122946965E-19, -0.125866278881615E-20,  0.786428291722857E-07,  0.314571316689039E-06,  0.530711737118624E-06,  0.385572558215094E-07
       4,     -12,  0.000000000000000E+00,  0.000000000000000E+00, -0.227010331966761E-18, -0.156126474535648E-17,  0.620189698250414E-07,  0.310094849139233E-06,  0.174321092380259E-05
       4,     -10,  0.000000000000000E+00,  0.000000000000000E+00, -0.379970016756193E-19,  0.506786463671747E-19, -0.157726766723930E-05, -0.788633833619831E-05, -0.621383166652534E-06
       4,      -8,  0.000000000000000E+00,  0.000000000000000E+00,  0.160010624163965E-17,  0.143066216312938E-17, -0.123471333879122E-05, -0.617356669395774E-05,  0.134295056855589E-04
       4,      -6,  0.000000000000000E+00,  0.000000000000000E+00, -0.296089010994718E-19, -0.173725947203768E-18, -0.104723405256117E-04, -0.523617026280549E-04, -0.141678748109262E-03
       4,      -4,  0.000000000000000E+00,  0.000000000000000E+00,  0.304391003204798E-17,  0.125046978205566E-16,  0.339433466950883E-05,  0.169716733474499E-04,  0.483140423337370E-03
       4,      -2,  0.000000000000000E+00,  0.000000000000000E+00,  0.656593357160701E-19,  0.265738473341692E-17, -0.298242708583840E-04, -0.149121354291934E-03,  0.225844579553611E-03
       4,       0,  0.000000000000000E+00,  0.000000000000000E+00,  0.160688705451423E-18,  0.140279724254319E-17,  0.167864170665494E-04,  0.839320853327417E-04,  0.266906872055741E-03
       4,       2,  0.000000000000000E+00,  0.000000000000000E+00, -0.115217473786137E-17,  0.263303937157811E-18,  0.713103785142069E-05,  0.356551892570893E-04,  0.227265664935593E-04
       4,       4,  0.000000000000000E+00,  0.000000000000000E+00,  0.888147045239369E-19,  0.497316540969893E-18,  0.244645314970775E-05,  0.122322657485335E-04, -0.302843289395990E-06
       4,       6,  0.000000000000000E+00,  0.000000000000000E+00,  0.672902101731481E-19,  0.605305141649320E-18,  0.752378381580593E-06,  0.376189190789817E-05, -0.233139407043803E-05
       4,       8,  0.000000000000000E+00,  0.000000000000000E+00,  0.856383263901048E-19,  0.262882116464148E-18, -0.146813972249333E-06, -0.734069861247763E-06, -0.194614019431146E-06
       4,      10,  0.000000000000000E+00,  0.000000000000000E+00,  0.390457383785388E-20,  0.648646853893645E-19,  0.101634032331217E-06,  0.508170161655799E-06, -0.188196551698269E-06
       4,      12,  0.000000000000000E+00,  0.000000000000000E+00,  0.123189461967732E-19,  0.203054007668393E-19,  0.479240810239711E-07,  0.239620405119828E-06,  0.367581779202127E-07
       5,     -12,  0.000000000000000E+00, -0.210797355672688E-18, -0.421594711345377E-18, -0.172348977405227E-18,  0.176369290417908E-17, -0.264488121868875E-07, -0.158692873145826E-06
       5,     -10,  0.000000000000000E+00, -0.842820369360333E-19, -0.168564073872067E-18,  0.192562248189065E-18, -0.819272096838919E-18,  0.177567232947197E-06,  0.106540339769705E-05
       5,      -8,  0.000000000000000E+00, -0.214411229904312E-18, -0.428822459808624E-18,  0.378759571948539E-19, -0.449804766073252E-18, -0.281905831129829E-05, -0.169143498677676E-04
       5,      -6,  0.000000000000000E+00, -0.484410949468444E-18, -0.968821898936889E-18,  0.750064169115403E-18,  0.144933168412209E-16,  0.186484576250492E-04,  0.111890745750076E-03
       5,      -4,  0.000000000000000E+00, -0.593798377531556E-19, -0.118759675506311E-18, -0.453627370867227E-18, -0.128689639322494E-17, -0.504024261460564E-04, -0.302414556876306E-03
       5,      -2,  0.000000000000000E+00, -0.106415110557244E-17, -0.212830221114487E-17, -0.869044377466390E-18,  0.116859997465057E-16, -0.353944219875700E-04, -0.212366531925549E-03
       5,       0,  0.000000000000000E+00,  0.930627572958792E-19,  0.186125514591758E-18,  0.132779633000686E-18, -0.305867695132019E-18, -0.875476150689974E-05, -0.525285690413914E-04
       5,       2,  0.000000000000000E+00, -0.212073669915947E-18, -0.424147339831894E-18,  0.522527936981377E-18,  0.162153320843332E-17, -0.790672591886005E-06, -0.474403555132671E-05
       5,       4,  0.000000000000000E+00, -0.346211312630622E-18, -0.692422625261245E-18,  0.294400877285335E-18,  0.393290897063628E-17,  0.132266550839424E-06,  0.793599304994321E-06
       5,       6,  0.000000000000000E+00, -0.200745695131342E-19, -0.401491390262684E-19,  0.548274863216422E-19,  0.184003130098997E-18, -0.604409211923192E-07, -0.362645527156215E-06
       5,       8,  0.000000000000000E+00, -0.206075002937563E-19, -0.412150005875126E-19, -0.238152716831900E-19, -0.314997693467651E-18,  0.613055013574105E-07,  0.367833008149469E-06
       5,      10,  0.000000000000000E+00, -0.358873373266584E-20, -0.717746746533168E-20,  0.746394714505156E-21,  0.396360782932016E-19,  0.109051451814102E-07,  0.654308710881351E-07
       5,      12,  0.000000000000000E+00, -0.106841871160462E-19, -0.213683742320924E-19,  0.872295626267514E-20,  0.169693347383642E-18,  0.126733884837473E-07,  0.760403309007365E-07
       6,     -12,  0.000000000000000E+00,  0.000000000000000E+00,  0.140234472353696E-19,  0.148289336204756E-20, -0.782091099640299E-19, -0.261886465727599E-18, -0.114057623095563E-07
       6,     -10,  0.000000000000000E+00,  0.000000000000000E+00,  0.388811472965214E-19, -0.122383439606121E-20, -0.238182221363384E-18, -0.723325413493621E-18, -0.154999269149066E-07
       6,      -8,  0.000000000000000E+00,  0.000000000000000E+00,  0.386313159050646E-19,  0.170807054894564E-18,  0.451440324147853E-18,  0.118261954674262E-17,  0.107911065183553E-05
       6,      -6,  0.000000000000000E+00,  0.000000000000000E+00,  0.689077119251166E-19,  0.137073552192705E-18,  0.134847937220120E-18, -0.179191672591715E-18, -0.106323097716153E-04
       6,      -4,  0.000000000000000E+00,  0.000000000000000E+00, -0.757710354744970E-19, -0.338445218808660E-18, -0.899154662387654E-18, -0.259643725746895E-17,  0.300630201833406E-04
       6,      -2,  0.000000000000000E+00,  0.000000000000000E+00,  0.611469343107393E-19,  0.684135053046805E-19, -0.932275846457197E-19, -0.494308677074959E-18,  0.182183756178957E-04
       6,       0,  0.000000000000000E+00,  0.000000000000000E+00, -0.231149615412989E-19, -0.747138356159366E-19, -0.160165573215970E-18, -0.613985710158105E-18,  0.755582125165693E-05
       6,       2,  0.000000000000000E+00,  0.000000000000000E+00,  0.632546590449121E-20,  0.191703552381652E-19,  0.387286255257141E-19,  0.493512781229554E-19,  0.819776136595331E-06
       6,       4,  0.000000000000000E+00,  0.000000000000000E+00, -0.177964046068072E-19, -0.387590118014940E-19, -0.482576195651313E-19, -0.154156154347982E-18, -0.142916011842332E-06
       6,       6,  0.000000000000000E+00,  0.000000000000000E+00,  0.319496574256820E-20,  0.719983023073248E-20,  0.962952646752008E-20,  0.113638769332011E-19,  0.101044762105293E-06
       6,       8,  0.000000000000000E+00,  0.000000000000000E+00, -0.652974430186573E-20, -0.141946064794152E-19, -0.175999601064669E-19, -0.295684217343694E-19, -0.423412718409779E-07
       6,      10,  0.000000000000000E+00,  0.000000000000000E+00, -0.105071157041302E-20, -0.361981326163474E-20, -0.817498362406153E-20, -0.285189454290975E-19, -0.683631298128339E-08
       6,      12,  0.000000000000000E+00,  0.000000000000000E+00, -0.522023448546034E-21, -0.153327153833119E-20, -0.300094546204857E-20, -0.528256815195948E-20, -0.393157366673876E-08
       0,       2, -0.307941817994021E-17, -0.307941817994021E-17,  0.192684638920269E-17,  0.119393755274878E-16,  0.221884522463118E-16,  0.231346425684677E-16,  0.270473080617922E-16
       0,       4,  0.595383952076445E-17,  0.595383952076445E-17,  0.500895777148750E-17,  0.311919427293304E-17,  0.317201535055004E-17,  0.109423536552333E-16,  0.415564229112636E-17
       0,       6, -0.193206041880548E-16, -0.193206041880548E-16, -0.199596031555880E-16, -0.212376010906568E-16, -0.225005934261571E-16, -0.224405710278820E-16, -0.180468432578698E-16
       0,       8, -0.284265837780421E-17, -0.284265837780421E-17, -0.184171691147740E-17,  0.160166021175339E-18,  0.129111799777145E-17, -0.219260582645485E-17, -0.571171727806694E-18
       0,      10, -0.299723940291982E-16, -0.299723940291982E-16, -0.317150086592864E-16, -0.352002379194664E-16, -0.372451751710099E-16, -0.314840071364670E-16, -0.332911660704721E-16
       0,      12,  0.876462609965509E-17,  0.876462609965509E-17,  0.903011971790632E-17,  0.956110695440885E-17,  0.100433958056598E-16,  0.984860226465430E-17,  0.915774963856071E-17
       1,     -12,  0.000000000000000E+00,  0.413894831130906E-17,  0.827789662262077E-17,  0.937535915478459E-17,  0.438985012865633E-17, -0.314256195006259E-17,  0.346929999402251E-17
       1,     -10,  0.000000000000000E+00, -0.363146585175813E-17, -0.726293170351640E-17, -0.893365178669019E-17, -0.668288033270046E-17, -0.207373733293796E-17, -0.371707429874075E-17
       1,      -8,  0.000000000000000E+00, -0.248281863529661E-18, -0.496563727059329E-18, -0.314014746241971E-18,  0.730195923271247E-18,  0.178617981904327E-17, -0.557390134932135E-18
       1,      -6,  0.000000000000000E+00,  0.754087762162329E-18,  0.150817552432466E-17,  0.845598926295626E-18, -0.265030639211666E-17, -0.684457432712728E-17, -0.249897784699094E-17
       1,      -4,  0.000000000000000E+00,  0.673182098729507E-18,  0.134636419745901E-17,  0.667551713201798E-18, -0.271524993702676E-17, -0.674164750448783E-17, -0.252647207699811E-17
       1,      -2,  0.000000000000000E+00, -0.910912873999742E-18, -0.182182574799948E-17, -0.235700202012385E-17, -0.214070508849583E-17, -0.962772555068462E-18,  0.105580957053760E-17
       1,       0,  0.000000000000000E+00,  0.143102384904975E-16,  0.286204769809950E-16,  0.432691261204085E-16,  0.585945965575949E-16,  0.542071328033715E-16, -0.317393529075887E-16
       1,       2,  0.000000000000000E+00,  0.475835445393933E-18,  0.951670890787866E-18, -0.311682986919320E-18, -0.505341551082464E-17, -0.904209407532934E-17,  0.389495778256009E-17
       1,       4,  0.000000000000000E+00,  0.341450958049875E-17,  0.682901916099750E-17,  0.701769876455747E-17,  0.754718414241884E-18, -0.765918858931994E-17,  0.112983760963709E-17
       1,       6,  0.000000000000000E+00, -0.519771084864303E-17, -0.103954216972861E-16, -0.114147540892530E-16, -0.407732956786532E-17,  0.673807219808348E-17, -0.196164471114471E-17
       1,       8,  0.000000000000000E+00,  0.862475344517102E-18,  0.172495068903514E-17,  0.207804546878982E-17,  0.141237911902302E-17,  0.107728821320502E-20, -0.317721948678500E-18
       1,      10,  0.000000000000000E+00, -0.483275949504884E-17, -0.966551899009742E-17, -0.117610541723760E-16, -0.838214072911112E-17, -0.204721785803053E-17, -0.578605177785586E-17
       1,      12,  0.000000000000000E+00,  0.691836055432501E-17,  0.138367211086502E-16,  0.171436933205562E-16,  0.132278888476269E-16,  0.520933279110321E-17,  0.967087713955243E-17
       2,     -12,  0.000000000000000E+00,  0.120729400135811E-30, -0.585055186198486E-18, -0.175516555859530E-17, -0.330364003477997E-17, -0.481709644992647E-17, -0.467050400060140E-17
       2,     -10,  0.000000000000000E+00,  0.107218213458339E-29, -0.106880884839083E-17, -0.320642654517309E-17, -0.274556948419432E-17,  0.764832954684682E-17, -0.146649282433935E-17
       2,      -8,  0.000000000000000E+00, -0.123632521794201E-29, -0.307513083592423E-18, -0.922539250775695E-18, -0.233155053569209E-17, -0.550749100661575E-17,  0.890243647687871E-18
       2,      -6,  0.000000000000000E+00,  0.000000000000000E+00,  0.656366565824513E-18,  0.196909969747549E-17,  0.204227444265253E-17, -0.291595910324304E-17,  0.212102988907937E-17
       2,      -4,  0.000000000000000E+00,  0.000000000000000E+00, -0.387712721818889E-18, -0.116313816545923E-17, -0.260355599060232E-17, -0.526352551660903E-17,  0.390242446246439E-17
       2,      -2,  0.000000000000000E+00,  0.000000000000000E+00, -0.885243744645930E-18, -0.265573123393712E-17, -0.919480737370384E-18,  0.131074712060483E-16, -0.201562009364886E-17
       2,       0,  0.000000000000000E+00,  0.000000000000000E+00,  0.208232739487183E-17,  0.624698218462292E-17,  0.855264507479690E-17,  0.111667747648866E-17,  0.340392939177755E-16
       2,       2,  0.000000000000000E+00,  0.000000000000000E+00,  0.613172859218692E-17,  0.183951857765669E-16,  0.192418733855992E-16, -0.264252049158089E-16,  0.649852865918400E-17
       2,       4,  0.000000000000000E+00,  0.000000000000000E+00, -0.163891717175110E-20, -0.491675151646239E-20, -0.126273199086691E-17, -0.628088161088944E-17,  0.890906370613801E-18
       2,       6,  0.000000000000000E+00, -0.740022217488248E-31,  0.391765463516940E-20,  0.117529639063538E-19,  0.449844131253571E-18,  0.217086756356005E-17, -0.331493671727680E-18
       2,       8,  0.000000000000000E+00,  0.206106003834761E-30, -0.658731999685367E-18, -0.197619599905494E-17, -0.384132553363681E-17, -0.603198767448093E-17, -0.771866640592298E-17
       2,      10,  0.000000000000000E+00, -0.303398216624218E-30,  0.734131257903179E-18,  0.220239377370969E-17,  0.293761330124750E-17,  0.544134817484001E-20,  0.245596615011673E-17
       2,      12,  0.000000000000000E+00,  0.223667097131631E-30,  0.623846014906429E-18,  0.187153804471910E-17,  0.198593513368274E-17, -0.254724462971260E-17, -0.146559393246056E-17
       3,     -12,  0.000000000000000E+00, -0.245595318434565E-31, -0.394006828453452E-30,  0.682708472431148E-19,  0.273083388972962E-18,  0.619922490057785E-18,  0.988701050615920E-18
       3,     -10,  0.000000000000000E+00,  0.154255623740539E-29, -0.700945045556098E-30, -0.123289575723686E-18, -0.493158302891165E-18, -0.804189659495652E-18,  0.106445071923495E-18
       3,      -8,  0.000000000000000E+00, -0.259407093661558E-31, -0.518814187323117E-31, -0.159033516461921E-18, -0.636134065846856E-18, -0.883706693605079E-18,  0.105910049683317E-17
       3,      -6,  0.000000000000000E+00, -0.992656837668961E-31, -0.198531367533792E-30, -0.332569615112029E-18, -0.133027846045021E-17, -0.223296526350621E-17, -0.950069765193515E-19
       3,      -4,  0.000000000000000E+00, -0.334368675166181E-30, -0.668737350332361E-30, -0.829767247664005E-18, -0.331906899064792E-17, -0.475755742831629E-17,  0.464534533655348E-17
       3,      -2,  0.000000000000000E+00, -0.168921003732006E-29, -0.337842007464012E-29, -0.961178039612355E-18, -0.384471215843936E-17, -0.683827156234417E-17, -0.258250778966913E-17
       3,       0,  0.000000000000000E+00,  0.136014333321810E-29,  0.272028666643619E-29, -0.160147515363053E-16, -0.640590061452652E-16, -0.112912932179814E-15, -0.368875316260552E-16
       3,       2,  0.000000000000000E+00,  0.880230277886024E-30,  0.176046055577205E-29,  0.659835895987117E-18,  0.263934358393801E-17,  0.425135749717245E-17, -0.885290856317176E-18
       3,       4,  0.000000000000000E+00, -0.347703610602140E-30, -0.695407221204280E-30,  0.914814252393080E-18,  0.365925700957606E-17,  0.554313866798415E-17, -0.333373808786277E-17
       3,       6,  0.000000000000000E+00, -0.468065582793382E-30, -0.936131165586764E-30,  0.173948091617965E-18,  0.695792366475479E-18,  0.151845569500239E-17,  0.215281050524513E-17
       3,       8,  0.000000000000000E+00,  0.269804965909242E-30,  0.539609931818485E-30, -0.190919655685521E-18, -0.763678622744436E-18, -0.930376367060497E-18,  0.205452802509239E-17
       3,      10,  0.000000000000000E+00,  0.173443523455274E-30,  0.211721101451960E-30,  0.552436349462057E-18,  0.220974539784554E-17,  0.405073264524623E-17,  0.220694189302558E-17
       3,      12,  0.000000000000000E+00,  0.750858873873184E-31, -0.740642665342414E-31,  0.146741041448502E-18,  0.586964165791795E-18,  0.107650084874553E-17,  0.589363434561197E-18
       4,     -12,  0.000000000000000E+00,  0.000000000000000E+00, -0.172851968635094E-30, -0.102382891357611E-29,  0.582172656980047E-18,  0.291086328490909E-17, -0.173207158319916E-17
       4,     -10,  0.000000000000000E+00,  0.000000000000000E+00, -0.121483713777175E-30,  0.318817705752042E-29,  0.109492972617395E-18,  0.547464863060670E-18, -0.214482353236432E-18
       4,      -8,  0.000000000000000E+00,  0.000000000000000E+00, -0.137779145924643E-31, -0.495171224336682E-30, -0.508911238733821E-18, -0.254455619366020E-17,  0.130739477100128E-17
       4,      -6,  0.000000000000000E+00,  0.000000000000000E+00, -0.225807678218420E-31,  0.234371728750339E-29, -0.560022967465334E-18, -0.280011483735049E-17, -0.133885025670913E-18
       4,      -4,  0.000000000000000E+00,  0.000000000000000E+00,  0.105475091300370E-29, -0.223547486592043E-29, -0.916547687597220E-18, -0.458273843797226E-17, -0.835524119969820E-18
       4,      -2,  0.000000000000000E+00,  0.000000000000000E+00,  0.713852344088208E-30, -0.237170700091391E-29, -0.136828717110382E-18, -0.684143585523130E-18,  0.133236985746527E-17
       4,       0,  0.000000000000000E+00,  0.000000000000000E+00,  0.236533543617307E-29, -0.945486736933501E-30,  0.467173126754694E-18,  0.233586563379296E-17,  0.290895683042582E-16
       4,       2,  0.000000000000000E+00,  0.000000000000000E+00, -0.424515530090870E-30, -0.755696459368787E-30, -0.898033542313883E-18, -0.449016771157778E-17, -0.453501164531533E-17
       4,       4,  0.000000000000000E+00,  0.000000000000000E+00,  0.103619710053018E-29,  0.388022806976338E-29,  0.159907321316759E-18,  0.799536606544749E-18, -0.541016883678714E-18
       4,       6,  0.000000000000000E+00,  0.000000000000000E+00,  0.146207381694908E-30,  0.532399946548044E-30,  0.569546807319469E-18,  0.284773403658746E-17, -0.188488074287571E-17
       4,       8,  0.000000000000000E+00,  0.000000000000000E+00,  0.997891836681998E-31, -0.471945755235541E-30,  0.493784826656141E-18,  0.246892413328658E-17,  0.801777975504256E-18
       4,      10,  0.000000000000000E+00,  0.000000000000000E+00, -0.480403343352029E-30, -0.114640674177727E-29,  0.166350712744960E-18,  0.831753563733605E-18, -0.100811130181867E-17
       4,      12,  0.000000000000000E+00,  0.000000000000000E+00, -0.368552973440911E-30,  0.168876155984379E-29, -0.330752867456176E-18, -0.165376433729462E-17,  0.168348061094366E-17
       5,     -12,  0.000000000000000E+00,  0.318636996598722E-30,  0.637273993197445E-30,  0.281818401955020E-30,  0.998837697807490E-30,  0.181517557229657E-18,  0.108910534335002E-17
       5,     -10,  0.000000000000000E+00, -0.100341090124135E-30, -0.200682180248270E-30, -0.495101186407827E-31, -0.106824919993506E-29,  0.137602289224272E-18,  0.825613735368937E-18
       5,      -8,  0.000000000000000E+00, -0.228705962209213E-30, -0.457411924418427E-30,  0.789290573381488E-30,  0.445822968210601E-29,  0.336727176068935E-19,  0.202036305580107E-18
       5,      -6,  0.000000000000000E+00,  0.106799148111126E-30,  0.213598296222251E-30,  0.574636354267908E-30,  0.815225947547514E-29,  0.461152900037964E-19,  0.276691739906935E-18
       5,      -4,  0.000000000000000E+00,  0.319695593132718E-30,  0.639391186265435E-30,  0.890329953325144E-32,  0.352043020227918E-29, -0.111372161159679E-18, -0.668232967029764E-18
       5,      -2,  0.000000000000000E+00,  0.365567331528730E-30,  0.731134663057460E-30,  0.802430953327956E-30,  0.404374387338244E-29,  0.124000828654342E-18,  0.744004971886931E-18
       5,       0,  0.000000000000000E+00,  0.211412357804389E-29,  0.422824715608778E-29, -0.125467557404512E-30, -0.394274406152032E-28, -0.250500621001804E-16, -0.150300372600592E-15
       5,       2,  0.000000000000000E+00,  0.708184227208967E-30,  0.141636845441793E-29,  0.497488796742263E-30,  0.963257693470693E-31,  0.376973142853639E-18,  0.226183885712913E-17
       5,       4,  0.000000000000000E+00,  0.622360199342943E-31,  0.124472039868589E-30, -0.990273983447558E-30, -0.457537310353560E-29,  0.414087703754140E-18,  0.248452622256431E-17
       5,       6,  0.000000000000000E+00, -0.160147561297032E-30, -0.320295122594064E-30, -0.656146318904115E-30, -0.363198506500915E-29,  0.164145171197284E-18,  0.984871027222443E-18
       5,       8,  0.000000000000000E+00,  0.394351543081192E-30,  0.788703086162384E-30, -0.313558526514693E-30, -0.669458760844526E-29,  0.440975710760607E-19,  0.264585426541318E-18
       5,      10,  0.000000000000000E+00,  0.776104462135135E-30,  0.155220892427027E-29,  0.600159065271506E-31, -0.501392801720361E-29,  0.781746832169978E-20,  0.469048099849632E-19
       5,      12,  0.000000000000000E+00, -0.309788200837980E-30, -0.619576401675961E-30, -0.224963978174357E-30,  0.101914079924248E-29,  0.115228401961370E-18,  0.691370411752770E-18
       6,     -12,  0.000000000000000E+00,  0.000000000000000E+00,  0.295517057768891E-30,  0.726037236559908E-30,  0.113104659962633E-29,  0.320582122421756E-29,  0.638721146762685E-18
       6,     -10,  0.000000000000000E+00,  0.000000000000000E+00,  0.132410074353318E-31, -0.133330780398053E-30, -0.612769166204204E-30, -0.545864719703688E-30, -0.271769837775697E-19
       6,      -8,  0.000000000000000E+00,  0.000000000000000E+00,  0.150952790331393E-31,  0.316334663225110E-30,  0.117476697870163E-29,  0.297910070248877E-29,  0.620815896615977E-18
       6,      -6,  0.000000000000000E+00,  0.000000000000000E+00, -0.212912581784808E-30, -0.538052426830576E-30, -0.874734216613502E-30, -0.173582772085569E-29,  0.126434842710885E-17
       6,      -4,  0.000000000000000E+00,  0.000000000000000E+00, -0.207204886042797E-30, -0.147467189608258E-30,  0.653360557823800E-30,  0.146430598258455E-29, -0.234970040711991E-17
       6,      -2,  0.000000000000000E+00,  0.000000000000000E+00,  0.575598308235465E-31,  0.752355714179410E-30,  0.266406387177645E-29,  0.522290048916563E-29,  0.818271153209642E-18
       6,       0,  0.000000000000000E+00,  0.000000000000000E+00,  0.704599586739318E-30,  0.841856590850498E-30, -0.860171157033983E-30,  0.270025347042022E-29,  0.615147802948005E-16
       6,       2,  0.000000000000000E+00,  0.000000000000000E+00,  0.175777416071408E-30,  0.484760517853779E-30,  0.884377574986587E-30,  0.184194113438762E-29, -0.240280537618876E-17
       6,       4,  0.000000000000000E+00,  0.000000000000000E+00, -0.661699581732998E-31, -0.300962609295487E-30, -0.806830688142132E-30, -0.265557276692102E-29,  0.185950482370125E-18
       6,       6,  0.000000000000000E+00,  0.000000000000000E+00,  0.159069354472424E-30,  0.541643569113864E-30,  0.121215814962102E-29,  0.197370155132440E-29, -0.679917891293785E-18
       6,       8,  0.000000000000000E+00,  0.000000000000000E+00,  0.402103677444683E-31, -0.298059128880388E-32, -0.253184571622029E-30, -0.585145838165716E-30, -0.101555853484366E-17
       6,      10,  0.000000000000000E+00,  0.000000000000000E+00, -0.177854045501702E-30, -0.344925258867727E-30, -0.312576762460704E-30,  0.303869981806484E-30,  0.128966246761684E-17
       6,      12,  0.000000000000000E+00,  0.000000000000000E+00, -0.153419622748492E-30,  0.407951979832570E-31,  0.108369852842399E-29,  0.300881056425635E-29,  0.237150694534818E-18
## at X1_base IP point positions (size nBase): spos,phi,chi,iota,pressure  ################################
  0.000000000000000E+00,  0.000000000000000E+00,  0.000000000000000E+00, -0.900000000000000E+00,  0.150000000000000E+04
  0.166666666666667E+00, -0.663145596216231E-02,  0.595909968411244E-02, -0.897222222222222E+00,  0.149490740740741E+04
  0.333333333333333E+00, -0.265258238486492E-01,  0.237258744626091E-01, -0.888888888888889E+00,  0.146851851851852E+04
  0.500000000000000E+00, -0.596831036594608E-01,  0.529687515255171E-01, -0.875000000000000E+00,  0.138750000000000E+04
  0.666666666666667E+00, -0.106103295394597E+00,  0.931351095623608E-01, -0.855555555555556E+00,  0.119629629629630E+04
  0.833333333333333E+00, -0.165786399054058E+00,  0.143451278703013E+00, -0.830555555555556E+00,  0.817129629629630E+03
  0.100000000000000E+01, -0.238732414637843E+00,  0.202922540529383E+00, -0.800000000000000E+00,  0.150000000000000E+03
## a_minor,r_major,volume  ################################################################################
  0.953939201416946E+00,  0.400000000000000E+01,  0.718507200399306E+02
