## MHD3D Solution... outputLevel and fileID:
0000,00200000
## grid: nElems, gridType #################################################################################
       4,       0
## grid: sp(0:nElems)
  0.000000000000000E+00,  0.250000000000000E+00,  0.500000000000000E+00,  0.750000000000000E+00,  0.100000000000000E+01
## global: nfp,degGP,mn_nyq(2),hmap #######################################################################
       2,       8,      25,      25,       1
## X1_base: s%nbase,s%deg,s%continuity,f%modes,f%sin_cos,f%excl_mn_zero ###################################
      10,       6,       5,      85,       2,       0
## X2_base: s%nbase,s%deg,s%continuity,f%modes,f%sin_cos,f%excl_mn_zero ###################################
      10,       6,       5,      84,       1,       0
## LA_base: s%nbase,s%deg,s%continuity,f%modes,f%sin_cos,f%excl_mn_zero ###################################
      10,       6,       5,     168,       3,       1
## X1: m,n,X1(1:nbase,iMode) ##############################################################################
       0,       0,  0.402220953652542E+01,  0.402220953652542E+01,  0.402167487686009E+01,  0.401926890836599E+01,  0.401301730575522E+01,  0.400369339055868E+01,  0.399516821368182E+01,  0.399215018159019E+01,  0.399585903211654E+01,  0.400000000000000E+01
       0,       2, -0.432319464229924E-01, -0.432319464229924E-01, -0.425781502015290E-01, -0.396360672049516E-01, -0.319467607149355E-01, -0.201729043483484E-01, -0.856633434881230E-02, -0.456606124358279E-02, -0.197748374987515E-02,  0.000000000000000E+00
       0,       4, -0.124370422137403E-03, -0.124370422137403E-03, -0.257799838168196E-03, -0.858232210306845E-03, -0.232144764369152E-02, -0.384055630609340E-02, -0.455789232329396E-02, -0.412667001411029E-02, -0.196728051190079E-02,  0.000000000000000E+00
       0,       6,  0.143950765732871E-03,  0.143950765732871E-03,  0.937766034713681E-04, -0.132007126705397E-03, -0.708439338676296E-03, -0.149810812418002E-02, -0.168432875318274E-02, -0.133404941946862E-02, -0.609976758013027E-03,  0.000000000000000E+00
       0,       8, -0.380700664312261E-06, -0.380700664312261E-06, -0.208191735711383E-05, -0.973739247473482E-05, -0.460420770817382E-04, -0.212483780049088E-03, -0.222246636904071E-03, -0.895290721470883E-04, -0.480899044467353E-04,  0.000000000000000E+00
       0,      10, -0.196074138670107E-06, -0.196074138670107E-06,  0.772145773695520E-06,  0.512913537934370E-05,  0.123017413164855E-04, -0.538413552994704E-05,  0.654944583311506E-05,  0.226986096603324E-04,  0.182384334746786E-04,  0.000000000000000E+00
       0,      12,  0.119604925757131E-06,  0.119604925757140E-06,  0.332315461010075E-07, -0.355448662352723E-06, -0.118339742589005E-05, -0.117310008284141E-05, -0.451015146223059E-05, -0.375914157940449E-05, -0.836627634913807E-06,  0.000000000000000E+00
       1,     -12, -0.324183915999445E-18, -0.108090712173772E-06, -0.324272136520849E-06, -0.518358598444832E-06,  0.397349990316811E-08,  0.179283952230690E-05,  0.249682954909894E-06, -0.330334405710856E-05, -0.191156743080684E-05,  0.000000000000000E+00
       1,     -10, -0.373903589359900E-18,  0.216863754275175E-06,  0.650591262826941E-06,  0.370796195073434E-05,  0.222251327517322E-04,  0.594861202822957E-04, -0.377755811553477E-05, -0.333646581528120E-04, -0.101127552226287E-04,  0.000000000000000E+00
       1,      -8,  0.413382031505676E-17, -0.460855104303203E-04, -0.138256531290967E-03, -0.255947383302360E-03, -0.289474443640125E-03, -0.560197080723195E-04,  0.208610870219604E-03,  0.249334542355118E-03,  0.851560459611916E-04,  0.000000000000000E+00
       1,      -6, -0.151947184791880E-16, -0.160326133503782E-03, -0.480978400511312E-03, -0.898170817775367E-03, -0.107171147464399E-02, -0.321216260533596E-03,  0.132573966536153E-02,  0.205318444667077E-02,  0.101357024774893E-02,  0.000000000000000E+00
       1,      -4,  0.144917352198356E-16, -0.314374703781204E-03, -0.943124111343629E-03, -0.172310804386823E-02, -0.178424554765335E-02,  0.409627600620506E-03,  0.399363710868907E-02,  0.584111599008500E-02,  0.293265746184200E-02,  0.000000000000000E+00
       1,      -2,  0.788417258009806E-17,  0.133904470761300E-01,  0.401713412283917E-01,  0.803155850205109E-01,  0.133678658792368E+00,  0.186096187794210E+00,  0.233524570248116E+00,  0.270204693761208E+00,  0.290976815030561E+00,  0.300000000000000E+00
       1,       0,  0.226759205955274E-16,  0.419311460610485E-01,  0.125793438183146E+00,  0.251682485352121E+00,  0.420108202159190E+00,  0.589782714913652E+00,  0.759665568739183E+00,  0.883166989897990E+00,  0.961621907808211E+00,  0.100000000000000E+01
       1,       2, -0.438519205868960E-18,  0.626228393007288E-04,  0.187868517902140E-03,  0.400458430494018E-03,  0.832240015422227E-03,  0.168456908534035E-02,  0.340451176325978E-02,  0.204780138240608E-02,  0.457492781201678E-03,  0.000000000000000E+00
       1,       4,  0.266254649191960E-17,  0.102254527631583E-03,  0.306763582894779E-03,  0.527478935671150E-03,  0.305476691995728E-03, -0.977673085446499E-03, -0.192524109831733E-02, -0.140340171250369E-02, -0.635111123055086E-03,  0.000000000000000E+00
       1,       6, -0.870456602845974E-17,  0.142605015150425E-03,  0.427815045451273E-03,  0.818425816772229E-03,  0.111601453375167E-02,  0.920891573567987E-03,  0.588293877590498E-03,  0.474237407273708E-03,  0.212092280812371E-03,  0.000000000000000E+00
       1,       8,  0.686813378104886E-18,  0.200730160577754E-05,  0.602190481733158E-05,  0.139697256665272E-04,  0.361223163232901E-04,  0.842592840416805E-04,  0.143501683875197E-03,  0.155946569665205E-03,  0.816617804537932E-04,  0.000000000000000E+00
       1,      10,  0.429957285559311E-18,  0.752100178348200E-06,  0.225630053504338E-05,  0.486789020746043E-05,  0.104817445949284E-04,  0.169909555413471E-04, -0.693603684079780E-05, -0.882857256853426E-05,  0.131476988875802E-04,  0.000000000000000E+00
       1,      12,  0.450375358045335E-19,  0.488844203068619E-06,  0.146653260920613E-05,  0.274524807510238E-05,  0.332329916976955E-05,  0.123285667903675E-05, -0.306120373695901E-05, -0.484856882707343E-05,  0.100646031715987E-05,  0.000000000000000E+00
       2,     -12, -0.276571769768184E-20,  0.795438025857468E-18, -0.192287586043867E-06, -0.105758172324806E-05, -0.241908346622204E-05,  0.161807555928168E-05, -0.113756655368106E-04,  0.927004393091833E-06, -0.206479385733275E-05,  0.000000000000000E+00
       2,     -10, -0.555970125544903E-20,  0.129554144563668E-17, -0.985821155176240E-06, -0.542201635348192E-05, -0.158101201884791E-04, -0.235119597324636E-04, -0.299208711027175E-04, -0.284307305007383E-05, -0.363424134820946E-05,  0.000000000000000E+00
       2,      -8,  0.179760325914450E-20, -0.435441104939175E-18, -0.223525543118109E-05, -0.122939048714922E-04, -0.358775769500710E-04, -0.535877431104478E-04,  0.124856049911759E-03,  0.342904695708147E-03,  0.161509433709741E-03,  0.000000000000000E+00
       2,      -6,  0.850839643671334E-19,  0.435334601553942E-17, -0.254575156000236E-04, -0.140016335800141E-03, -0.377121978962535E-03, -0.316401090647752E-03,  0.675279168724355E-03,  0.128369540154065E-02,  0.680629070914534E-03,  0.000000000000000E+00
       2,      -4,  0.964225599750833E-20,  0.544217033766679E-17, -0.187905755439396E-03, -0.103348165491676E-02, -0.301262090418434E-02, -0.447298754626070E-02, -0.321223909327189E-02, -0.164179239120998E-03,  0.538474819195932E-03,  0.000000000000000E+00
       2,      -2, -0.588864520267876E-19, -0.773552160510208E-17, -0.419306834153288E-03, -0.230618758784288E-02, -0.690773754697907E-02, -0.117094404741829E-01, -0.110193715782071E-01, -0.445861110319700E-02, -0.712334199006280E-03,  0.000000000000000E+00
       2,       0,  0.560100911574528E-19, -0.506355071810778E-17,  0.680080092791554E-03,  0.374044051035355E-02,  0.115013319331454E-01,  0.217690196997521E-01,  0.273668520115264E-01,  0.232832199448714E-01,  0.101584326168617E-01,  0.000000000000000E+00
       2,       2,  0.134001427030593E-18,  0.196289226127802E-16,  0.240264787863456E-03,  0.132145633324901E-02,  0.393223352331629E-02,  0.646752707813412E-02,  0.676233793143941E-02,  0.652062743400947E-02,  0.308544085636364E-02,  0.000000000000000E+00
       2,       4,  0.155122768117527E-19, -0.869844177404110E-18,  0.124941752363203E-03,  0.687179637997592E-03,  0.206642807889539E-02,  0.356482489732030E-02,  0.422661423875122E-02,  0.396822754347031E-02,  0.194972159451455E-02,  0.000000000000000E+00
       2,       6,  0.153739475384549E-19, -0.421446631916397E-18,  0.259337391644276E-04,  0.142635565404359E-03,  0.422595796204116E-03,  0.680898586381113E-03,  0.693198257554866E-03,  0.614227789108991E-03,  0.362214683223590E-03,  0.000000000000000E+00
       2,       8,  0.698713641109803E-21, -0.408264812879020E-19,  0.248661072954376E-05,  0.136763590124928E-04,  0.323306584707177E-04, -0.111457044076634E-04, -0.814719543211443E-04, -0.953020390623811E-04, -0.397835796509751E-04,  0.000000000000000E+00
       2,      10, -0.138991648072186E-20,  0.558944618333472E-19,  0.100776711454112E-05,  0.554271912997626E-05,  0.133249653986781E-04, -0.244435152543977E-05, -0.295538131452896E-06, -0.168717447279085E-05, -0.326681319614136E-05,  0.000000000000000E+00
       2,      12, -0.375135572232232E-21, -0.940821758191432E-20,  0.233594994516565E-06,  0.128477246984115E-05,  0.293153482959151E-05, -0.203304506714596E-05,  0.151078302908298E-05, -0.219772560392753E-05, -0.954694170831214E-06,  0.000000000000000E+00
       3,     -12, -0.108705412711405E-21,  0.106541608033050E-18,  0.153390094167444E-18, -0.245916337768863E-06, -0.204930281473746E-05, -0.511212594208249E-05,  0.756082153932623E-05,  0.691782797069676E-05, -0.159715426159285E-06,  0.000000000000000E+00
       3,     -10,  0.908818899267211E-21, -0.226906616455831E-17, -0.131835983672250E-16,  0.165553441996040E-06,  0.137961201690455E-05,  0.463251434592999E-05,  0.721674747487059E-05, -0.640945031007254E-04, -0.207197942152149E-04,  0.000000000000000E+00
       3,      -8,  0.378983670182759E-20, -0.961671296996276E-18, -0.120663927038178E-16,  0.111700144987533E-04,  0.930834541565576E-04,  0.280525247996898E-03,  0.155901780153200E-03, -0.271258461589698E-03, -0.114766903203280E-03,  0.000000000000000E+00
       3,      -6, -0.789697020851563E-20, -0.426409780323438E-17,  0.743486818018779E-17,  0.222792208378097E-04,  0.185660173648002E-03,  0.524612756902897E-03, -0.497879621611270E-04, -0.138390649890056E-02, -0.750094058389546E-03,  0.000000000000000E+00
       3,      -4, -0.423462621507974E-20, -0.752486149980769E-17, -0.196683379433118E-16, -0.391078047078813E-04, -0.325898372565515E-03, -0.112119278733464E-02, -0.198252009085998E-02, -0.279647046037923E-02, -0.131359388344942E-02,  0.000000000000000E+00
       3,      -2, -0.728404126939281E-20, -0.961078832304868E-17,  0.197243375551922E-16, -0.137895932016567E-03, -0.114913276680554E-02, -0.364333383213695E-02, -0.378667073687194E-02, -0.330898286275131E-02, -0.125391014926868E-02,  0.000000000000000E+00
       3,       0,  0.731795541993370E-21, -0.673545168251510E-17,  0.532768063161833E-17, -0.156158914913771E-03, -0.130132429094858E-02, -0.461876798375281E-02, -0.938158005882382E-02, -0.857373856044088E-02, -0.352324297430989E-02,  0.000000000000000E+00
       3,       2, -0.369940990519645E-20,  0.337806419628861E-17,  0.107280462450163E-16, -0.135187062371014E-04, -0.112655885309412E-03, -0.535017252835131E-03, -0.220891819217601E-02, -0.305991311886490E-02, -0.137745856879874E-02,  0.000000000000000E+00
       3,       4, -0.391417998928656E-20, -0.426650442155500E-17, -0.185565149032842E-16,  0.726948027956255E-06,  0.605790023331095E-05, -0.375756044746141E-04, -0.566787373114586E-03, -0.118731629945045E-02, -0.570315428230903E-03,  0.000000000000000E+00
       3,       6, -0.164215078508698E-20, -0.235727896578068E-18, -0.166460575040786E-17, -0.573879891632661E-05, -0.478233243026855E-04, -0.158813256711359E-03, -0.231876363231800E-03, -0.366624303467464E-03, -0.180470497647729E-03,  0.000000000000000E+00
       3,       8, -0.132861147633958E-21,  0.176909485485697E-18,  0.124459846572019E-17, -0.122253487416171E-05, -0.101877906180389E-04, -0.203000066185465E-04,  0.904334951533226E-04,  0.855018836282398E-04,  0.789480369703128E-05,  0.000000000000000E+00
       3,      10, -0.150240836511876E-21,  0.141560593246395E-18, -0.655490281561261E-18,  0.215549152390406E-07,  0.179624293687756E-06,  0.221732154871439E-05,  0.176193934824299E-04,  0.251144905368313E-04, -0.198431989692742E-05,  0.000000000000000E+00
       3,      12,  0.360632005931259E-23,  0.345822986925863E-19,  0.222944622398178E-18,  0.378431685340325E-07,  0.315359737777612E-06,  0.529278054380200E-06, -0.382339371119164E-05, -0.200765312581593E-05, -0.130872521161241E-05,  0.000000000000000E+00
       4,     -12,  0.233470878153462E-21, -0.613186182262062E-19, -0.205492101632582E-17, -0.415623084610017E-17,  0.927755294783495E-06,  0.865904941791978E-05,  0.540012871188801E-05,  0.588720685717388E-05,  0.346007955779541E-05,  0.000000000000000E+00
       4,     -10,  0.381227795066322E-21, -0.100201972095985E-17, -0.410432054273125E-17, -0.226984643908932E-16,  0.230446762035967E-05,  0.215083644573990E-04, -0.507013495637813E-04, -0.830840587716598E-04, -0.210719646041798E-04,  0.000000000000000E+00
       4,      -8,  0.321168886244558E-22, -0.377393704430440E-17, -0.448976959278327E-17, -0.160421094167018E-16, -0.138278702919137E-04, -0.129060122723662E-03, -0.652379051385692E-03, -0.734738609403690E-03, -0.305487159763889E-03,  0.000000000000000E+00
       4,      -6,  0.240972634907430E-21,  0.155228025505679E-18, -0.581438842496058E-17, -0.257918821537571E-16, -0.689592757287530E-04, -0.643619906801291E-03, -0.219469756228790E-02, -0.216613560999226E-02, -0.869639447630706E-03,  0.000000000000000E+00
       4,      -4,  0.917900476807494E-21, -0.423739160244053E-18, -0.281841872329643E-17,  0.380130549128732E-17, -0.664196802379320E-04, -0.619917015554466E-03, -0.188373787999537E-02, -0.300843924069568E-02, -0.211530995238463E-02,  0.000000000000000E+00
       4,      -2, -0.118819692169957E-21, -0.202555290620026E-17, -0.449728152780617E-17, -0.505241985175591E-16,  0.261495977534571E-04,  0.244062912367743E-03,  0.569422480958292E-03, -0.263564803709202E-03, -0.263478042415108E-03,  0.000000000000000E+00
       4,       0, -0.312079456630838E-21,  0.641773212088915E-18,  0.216958470679182E-16,  0.165188200709725E-15,  0.123004356227370E-04,  0.114804065807241E-03,  0.123785919709841E-03, -0.688058285254183E-03, -0.111947499860961E-03,  0.000000000000000E+00
       4,       2, -0.407649292517355E-21, -0.516526130406789E-18,  0.279543642350228E-17,  0.175402453592887E-16, -0.122675877010081E-05, -0.114497485212920E-04, -0.271620263531169E-03, -0.113182858420303E-02, -0.602216777660395E-03,  0.000000000000000E+00
       4,       4, -0.152301317896715E-20,  0.222125246386924E-17,  0.778251693893470E-17,  0.107150966387747E-16, -0.119502947368619E-04, -0.111536084210623E-03, -0.397593495158910E-03, -0.695570020795153E-03, -0.413169077169827E-03,  0.000000000000000E+00
       4,       6,  0.965183760812058E-23,  0.105690335262382E-18, -0.377155182637789E-17, -0.197416290277143E-16, -0.711905325205586E-05, -0.664444970187798E-04, -0.196610830075646E-03, -0.218503515180556E-03, -0.124652871465092E-03,  0.000000000000000E+00
       4,       8, -0.100291744300675E-21,  0.148744764935622E-18,  0.154393654228398E-17,  0.515035891066027E-17, -0.899822787868469E-06, -0.839834602017477E-05, -0.636990167437477E-05,  0.670248261519631E-05, -0.731846308111939E-05,  0.000000000000000E+00
       4,      10,  0.233819892540408E-22,  0.473408399371083E-20, -0.140110448474254E-18, -0.622638458375899E-18, -0.459085693622321E-06, -0.428479980713175E-05,  0.828525496833389E-06, -0.197617391052041E-06, -0.449067150027878E-05,  0.000000000000000E+00
       4,      12,  0.378922347454048E-24,  0.184146686473840E-19,  0.709679412788930E-19,  0.396010882889086E-18, -0.203119723313605E-06, -0.189578408427292E-05, -0.403035359504215E-07, -0.850912039493014E-06, -0.898867901816696E-06,  0.000000000000000E+00
       5,     -12,  0.516510202511607E-23,  0.579972592038518E-23,  0.271053470381564E-18,  0.133540848160174E-17,  0.234636881567105E-17,  0.143125720545610E-05,  0.147896577897247E-04,  0.139720125983909E-04,  0.755833245106066E-06,  0.000000000000000E+00
       5,     -10, -0.358123283237722E-22, -0.704156838838102E-22, -0.381720711018253E-18, -0.185148314117973E-17, -0.363496601552963E-17,  0.309900955180980E-05,  0.320230987020420E-04,  0.307543604840187E-04, -0.201926849310368E-04,  0.000000000000000E+00
       5,      -8,  0.744801154564277E-22,  0.544662598892157E-22,  0.581602100588489E-18,  0.371022432488102E-17,  0.137658877390230E-16, -0.778783854073762E-05, -0.804743315878999E-04, -0.640498686490299E-04, -0.939560989487718E-04,  0.000000000000000E+00
       5,      -6, -0.284074265456205E-21, -0.144095186540966E-21,  0.211700853945036E-19,  0.368644715359811E-17,  0.301752643434280E-16,  0.438735188751581E-05,  0.453359695034424E-04,  0.290232753563646E-03,  0.819438310626347E-04,  0.000000000000000E+00
       5,      -4, -0.133436653942504E-22, -0.370381345765144E-22, -0.216140238853887E-17, -0.741283795180206E-17, -0.192470538447083E-16,  0.871336869304156E-05,  0.900381431620556E-04,  0.142138848296082E-03,  0.140733056964808E-03,  0.000000000000000E+00
       5,      -2,  0.977599771410875E-22, -0.146393993113621E-21,  0.219990786738247E-17,  0.978818565917287E-17,  0.242216184701483E-16, -0.109730788470142E-04, -0.113388481419573E-03, -0.597951982670147E-04, -0.669011896721655E-04,  0.000000000000000E+00
       5,       0, -0.657064187426096E-22,  0.117932282022296E-21,  0.181143261432667E-18,  0.249440289749938E-17,  0.148553035661126E-16,  0.872107355574336E-05,  0.901177600756236E-04,  0.160905355029323E-03, -0.390135737543135E-04,  0.000000000000000E+00
       5,       2,  0.173377756921235E-21,  0.461532339036770E-22,  0.679104883624509E-18,  0.144699745876296E-17, -0.120354732132187E-16,  0.504240168563869E-05,  0.521048174188781E-04,  0.150915392510715E-03, -0.456437193404652E-05,  0.000000000000000E+00
       5,       4,  0.629799806514187E-22,  0.172252093046624E-22,  0.440182554451471E-18,  0.157142172290581E-17, -0.469328613213238E-18, -0.167591968217892E-05, -0.173178367157214E-04,  0.352357319051373E-04, -0.334606155251455E-06,  0.000000000000000E+00
       5,       6,  0.701643617625818E-23, -0.139951316314012E-23,  0.270742944882460E-18,  0.790406128617099E-18,  0.103066801094722E-17, -0.449061321303435E-05, -0.464030032013893E-04, -0.512590079903468E-04, -0.109193515106550E-04,  0.000000000000000E+00
       5,       8, -0.366860458322252E-23,  0.305096593427990E-24,  0.598824581602465E-20,  0.408796097693794E-19,  0.524935764632259E-18, -0.228422979473371E-05, -0.236037078789383E-04, -0.438008607819238E-04, -0.173992492236201E-04,  0.000000000000000E+00
       5,      10, -0.241252346941556E-23, -0.370222955490825E-24, -0.825023038920419E-22,  0.585953686999679E-19,  0.280783204290524E-18,  0.679261523246112E-06,  0.701903574020704E-05,  0.665818102113911E-05,  0.439599794583001E-05,  0.000000000000000E+00
       5,      12, -0.742382765401609E-24, -0.497750466394981E-24, -0.623737700064973E-20, -0.999038622427496E-20,  0.364568841958794E-19, -0.238402280212301E-07, -0.246349022886836E-06,  0.827507253196832E-06,  0.147767479088086E-06,  0.000000000000000E+00
       6,     -12, -0.157943541005184E-33,  0.448298792504972E-34, -0.138390378471504E-18, -0.269069654461419E-17, -0.185014104817591E-16, -0.647121774463536E-16, -0.205148119725828E-06,  0.394796705017851E-05, -0.121061752311971E-05,  0.000000000000000E+00
       6,     -10, -0.168964550801026E-33, -0.164694600197903E-33,  0.900190225400963E-18,  0.931740553844879E-17,  0.521396564340425E-16,  0.768912907837803E-16,  0.246883358125107E-05,  0.152365260860906E-04, -0.625493564901731E-05,  0.000000000000000E+00
       6,      -8, -0.340524650842870E-34, -0.768135281495534E-34,  0.817073326563094E-18,  0.453469824984081E-17,  0.146387411627200E-16,  0.345785216117624E-17,  0.228141392934721E-04, -0.368102975159988E-04, -0.707534934964351E-04,  0.000000000000000E+00
       6,      -6,  0.715462793986167E-33,  0.154520478582431E-33,  0.111397070965222E-17, -0.816169342553542E-17, -0.995766153196087E-16, -0.257851915690870E-15,  0.726866713905191E-04,  0.186593756622788E-06,  0.111307762419924E-05,  0.000000000000000E+00
       6,      -4,  0.211192003601484E-33, -0.260227508063922E-33,  0.301657598723122E-17,  0.188921936307413E-16,  0.719652939512945E-16,  0.299276225215665E-15,  0.147995062699563E-03,  0.315429817049903E-03,  0.496729403462471E-03,  0.000000000000000E+00
       6,      -2,  0.294404303101395E-33,  0.512675875605374E-33, -0.135644298369320E-16, -0.580308725196228E-16, -0.992650922837872E-16, -0.359921701873314E-15, -0.159586661321912E-03, -0.604285534792964E-03, -0.642278460304631E-03,  0.000000000000000E+00
       6,       0, -0.440195907308717E-33, -0.200556318774733E-33, -0.225711515604054E-17, -0.543998178353823E-17,  0.186184145583298E-16,  0.657337475004372E-16, -0.867577416345196E-04, -0.168642958568426E-03, -0.286997840322436E-03,  0.000000000000000E+00
       6,       2, -0.255922687502769E-34, -0.240140400752247E-33,  0.260885531729355E-17,  0.109131172626622E-16,  0.170250765322025E-16,  0.106211556021759E-15,  0.637677464080236E-05,  0.110306242654210E-03,  0.135659724892866E-04,  0.000000000000000E+00
       6,       4, -0.523691458027919E-34, -0.382286343283432E-34, -0.389478907525897E-18, -0.165637085831882E-17, -0.276785477275621E-17,  0.362555527436727E-17,  0.194625259165101E-04,  0.965670092894845E-04,  0.602224543548994E-04,  0.000000000000000E+00
       6,       6,  0.166098145709189E-34, -0.256975395694304E-34, -0.497374296536116E-18, -0.431151935319022E-18,  0.104993389408645E-16,  0.383221644615989E-16,  0.122787944326206E-05,  0.257398135411477E-04,  0.340345321851839E-04,  0.000000000000000E+00
       6,       8, -0.247449323866812E-34,  0.108735189395430E-35,  0.143088310331099E-18, -0.906302588807757E-19, -0.480942095005429E-17, -0.107960922383041E-16, -0.314317496545621E-05,  0.140322844042675E-05,  0.132636838509134E-04,  0.000000000000000E+00
       6,      10,  0.253052532529685E-35,  0.536242974440629E-35,  0.973049013761939E-20, -0.135730294188362E-18, -0.140678300546888E-17, -0.674257047309675E-17,  0.130065297881528E-05,  0.177664125473257E-05,  0.346894321573158E-05,  0.000000000000000E+00
       6,      12,  0.152424018469620E-35,  0.707831968447985E-36,  0.313223819239118E-19,  0.119586538107528E-18,  0.109086996385249E-18,  0.180141841937610E-19,  0.714582889762588E-06, -0.350783157263923E-06, -0.574804621506274E-07,  0.000000000000000E+00
## X2: m,n,X2(1:nbase,iMode) ##############################################################################
       0,       2, -0.237469230775270E+00, -0.237469230775270E+00, -0.236487782561000E+00, -0.232071265596784E+00, -0.220819893116206E+00, -0.205574312919673E+00, -0.194923787657623E+00, -0.194390191990310E+00, -0.197674377008136E+00, -0.200000000000000E+00
       0,       4, -0.546975434565583E-03, -0.546975434565583E-03, -0.445523549859648E-03,  0.110099313170943E-04,  0.118497275322881E-02,  0.285184549268406E-02,  0.363503123547065E-02,  0.231244464031654E-02,  0.742363061320492E-03,  0.000000000000000E+00
       0,       6,  0.120447133311738E-03,  0.120447133311738E-03,  0.107394137579059E-03,  0.486556567819650E-04, -0.971787639513597E-04, -0.268225944781107E-03, -0.246766908803355E-03, -0.441050193940700E-03, -0.199086800090420E-03,  0.000000000000000E+00
       0,       8, -0.407371929670536E-06, -0.407371929670536E-06, -0.211266504792641E-05, -0.978648408011224E-05, -0.444626991145017E-04, -0.197007708272923E-03, -0.298091031145360E-03, -0.280690073807187E-03, -0.156444204442272E-03,  0.000000000000000E+00
       0,      10, -0.307724700057925E-06, -0.307724700057925E-06,  0.818689021048539E-06,  0.588755076602698E-05,  0.153521000252335E-04,  0.411024616340690E-05,  0.336805919722543E-04,  0.504505303853285E-04,  0.249471825331103E-04,  0.000000000000000E+00
       0,      12, -0.301669010083106E-08, -0.301669010082573E-08,  0.640627814837102E-07,  0.365920403615473E-06,  0.500592638086823E-06, -0.374349646811521E-05, -0.160441101708099E-05, -0.576824003842658E-05, -0.958389353319780E-06,  0.000000000000000E+00
       1,     -12,  0.458905093195467E-18,  0.461526746800140E-07,  0.138458024040684E-06,  0.242548848466127E-06,  0.175133416657947E-06, -0.344431074270619E-06, -0.966069765246020E-06,  0.414959698746749E-05,  0.197784803281890E-05,  0.000000000000000E+00
       1,     -10, -0.142832420320940E-17, -0.474494409041596E-06, -0.142348322712157E-05, -0.472633595044615E-05, -0.204063565587778E-04, -0.525704252614285E-04, -0.216354818214245E-04,  0.265841565261406E-05, -0.229442075545256E-05,  0.000000000000000E+00
       1,      -8, -0.915131756918203E-17,  0.445625437961597E-04,  0.133687631388509E-03,  0.257155970712510E-03,  0.360464670757384E-03,  0.289036927705892E-03, -0.148470020935022E-03, -0.321332110461542E-03, -0.112555828101736E-03,  0.000000000000000E+00
       1,      -6, -0.265177194704258E-16, -0.123792699196930E-03, -0.371378097590699E-03, -0.696447561346452E-03, -0.852021710011532E-03, -0.475201662576979E-03, -0.601350923367522E-03, -0.126259211393754E-02, -0.724590341922257E-03,  0.000000000000000E+00
       1,      -4,  0.351647415092105E-18,  0.195473145751566E-03,  0.586419437254716E-03,  0.118197230628556E-02,  0.203084338898258E-02,  0.289278970048591E-02,  0.288946352926618E-02,  0.882723656270361E-03,  0.252341401780708E-03,  0.000000000000000E+00
       1,      -2, -0.756758868959813E-17, -0.138151884396463E-01, -0.414455653189394E-01, -0.827012516230270E-01, -0.136569559272671E+00, -0.187261751067557E+00, -0.231740072323887E+00, -0.265467438658635E+00, -0.288231414164859E+00, -0.300000000000000E+00
       1,       0,  0.221523081396251E-16,  0.419388993541445E-01,  0.125816698062437E+00,  0.251418253858719E+00,  0.417596141323561E+00,  0.580786977430729E+00,  0.742034227279807E+00,  0.869345661311268E+00,  0.956532951878060E+00,  0.100000000000000E+01
       1,       2, -0.125513389732487E-18, -0.146348050435223E-04, -0.439044151305566E-04, -0.474600108556985E-04,  0.189892111276185E-03,  0.831260127935262E-03,  0.535553195748590E-03, -0.165963122112687E-02, -0.118383063606537E-02,  0.000000000000000E+00
       1,       4,  0.108072374970127E-16,  0.117714602127812E-04,  0.353143806383103E-04,  0.431782420396063E-06, -0.467260221673976E-03, -0.187623780810782E-02, -0.364158416937014E-02, -0.346086380683538E-02, -0.158362993312211E-02,  0.000000000000000E+00
       1,       6, -0.590654706117474E-17,  0.141713261788584E-03,  0.425139785365757E-03,  0.797057820868474E-03,  0.973618035694074E-03,  0.445820088974469E-03, -0.274642551902459E-03, -0.425374753644789E-03, -0.159181982784472E-03,  0.000000000000000E+00
       1,       8, -0.151215973131383E-17,  0.125862292209252E-05,  0.377586876627960E-05,  0.518269039250666E-05, -0.715583027948658E-05, -0.219563149037147E-04,  0.195425195808376E-03,  0.175938354471605E-03,  0.547981798172614E-04,  0.000000000000000E+00
       1,      10,  0.466932748030171E-18,  0.372792066450155E-06,  0.111837619935048E-05,  0.217225064301652E-05,  0.319040603378644E-05,  0.486132376316332E-05,  0.188521149209156E-04,  0.112649044986323E-04,  0.624174406052946E-05,  0.000000000000000E+00
       1,      12, -0.119058339807457E-18,  0.539795137326484E-06,  0.161938541197977E-05,  0.304074112393437E-05,  0.374770387305440E-05,  0.155074641519967E-05, -0.372237809805529E-05, -0.631964089244427E-05,  0.101252263139706E-05,  0.000000000000000E+00
       2,     -12, -0.105877143194688E-20,  0.958165815919096E-19,  0.259159264173148E-06,  0.142537595294816E-05,  0.310165267667779E-05, -0.366211575929004E-05,  0.987158443829201E-05,  0.893769953780157E-07,  0.182742882639725E-05,  0.000000000000000E+00
       2,     -10,  0.804175253653104E-21, -0.613216065022181E-17, -0.382713127202779E-06, -0.210492219956350E-05, -0.416090245641949E-05,  0.932297891186369E-05,  0.125742894746917E-05, -0.397010094935080E-05, -0.836665123622082E-05,  0.000000000000000E+00
       2,      -8, -0.157808493366506E-19, -0.293354756924251E-17,  0.197311957205505E-05,  0.108521576463256E-04,  0.396020533462707E-04,  0.121334951747720E-03, -0.936070968109013E-04, -0.229930879487256E-03, -0.794901872879496E-04,  0.000000000000000E+00
       2,      -6,  0.174243705856726E-19,  0.172427003282113E-17,  0.802965341685195E-05,  0.441630937926697E-04,  0.840465513602420E-04, -0.225963575591182E-03, -0.146712938623813E-02, -0.129877934282571E-02, -0.598635316813191E-03,  0.000000000000000E+00
       2,      -4, -0.189777027721199E-19,  0.650472058288077E-17,  0.911871284716237E-04,  0.501529206593837E-03,  0.145464783725437E-02,  0.210233281503113E-02,  0.180879903691456E-02,  0.217193431272351E-03, -0.136980913308236E-03,  0.000000000000000E+00
       2,      -2, -0.558861181343148E-19, -0.100833627601023E-16, -0.719809349146307E-03, -0.395895142030473E-02, -0.121287730305780E-01, -0.226258718511540E-01, -0.275698274245447E-01, -0.204055932578032E-01, -0.828519384456495E-02,  0.000000000000000E+00
       2,       0,  0.897848441662778E-19, -0.252039461826233E-16,  0.555481265845163E-03,  0.305514696214862E-02,  0.953249315930363E-02,  0.190718768679767E-01,  0.248734378349377E-01,  0.190792166746767E-01,  0.797061459832453E-02,  0.000000000000000E+00
       2,       2, -0.175678717173773E-18,  0.928810136490156E-17,  0.165362885283933E-03,  0.909495869061567E-03,  0.272539077021635E-02,  0.462881745712738E-02,  0.455561708628322E-02,  0.297232277833812E-02,  0.108124725395056E-02,  0.000000000000000E+00
       2,       4,  0.136254016990048E-19, -0.862504734827735E-19,  0.109346226184637E-03,  0.601404244015494E-03,  0.180516423460077E-02,  0.308879939470725E-02,  0.358266439550948E-02,  0.281728048181909E-02,  0.115818735956275E-02,  0.000000000000000E+00
       2,       6, -0.591242309054988E-20,  0.669706842571723E-18,  0.244438270002908E-04,  0.134441048501592E-03,  0.396136209411509E-03,  0.621423056970969E-03,  0.541719143879691E-03,  0.384756979874276E-03,  0.227889331184961E-03,  0.000000000000000E+00
       2,       8,  0.158518618389797E-20, -0.224040992435842E-18,  0.184892997022354E-05,  0.101691148362314E-04,  0.245029846716987E-04, -0.396249765065928E-05, -0.771418386379225E-04, -0.702158177613500E-04, -0.153142606312030E-04,  0.000000000000000E+00
       2,      10, -0.210805408006331E-20,  0.227875256703447E-20,  0.867547473713545E-06,  0.477151110542477E-05,  0.118033436202725E-04,  0.998150013599487E-06,  0.735625376418080E-05,  0.831887154458627E-05,  0.205346287290138E-05,  0.000000000000000E+00
       2,      12, -0.567076649679797E-22, -0.608999468707365E-19,  0.246559575216831E-06,  0.135607766369296E-05,  0.296208166757157E-05, -0.337931765078822E-05,  0.215345545059855E-05, -0.252098985178043E-05, -0.767252929878619E-06,  0.000000000000000E+00
       3,     -12, -0.427349902175504E-22,  0.463693412629369E-19, -0.230304074035170E-18,  0.228456007002700E-06,  0.190380005836525E-05,  0.486441552573612E-05, -0.583301462064172E-05, -0.793692948443189E-05,  0.366720821164526E-06,  0.000000000000000E+00
       3,     -10, -0.142559867955318E-21,  0.725677256046369E-18,  0.229763535067743E-18, -0.158711854728020E-05, -0.132259878939936E-04, -0.337565467506031E-04,  0.409081268536658E-04,  0.856815654787643E-04,  0.201886652655076E-04,  0.000000000000000E+00
       3,      -8,  0.488249018868441E-21, -0.493508378692019E-17, -0.631801168034807E-17, -0.498570709359988E-05, -0.415475591133125E-04, -0.135803431586025E-03, -0.179034051184114E-03, -0.705523674055426E-04, -0.690551243866603E-05,  0.000000000000000E+00
       3,      -6,  0.306927212084010E-20,  0.341995137998547E-17,  0.192760436119794E-16,  0.273678930571851E-04,  0.228065775476033E-03,  0.707072749438400E-03,  0.586080226841832E-03,  0.132313706347198E-03, -0.758279652649106E-04,  0.000000000000000E+00
       3,      -4,  0.765374401604519E-20,  0.433835366246571E-17, -0.211220334559490E-16,  0.226614172333330E-04,  0.188845143611893E-03,  0.468622024210434E-03, -0.722209314927265E-03, -0.234234283635584E-02, -0.125624199034505E-02,  0.000000000000000E+00
       3,      -2,  0.180400736323941E-19, -0.162945289644371E-16,  0.432543398402311E-16, -0.467907518790674E-04, -0.389922932327047E-03, -0.942029177399542E-03,  0.175542757277804E-02,  0.215313086469899E-02,  0.122494119334337E-02,  0.000000000000000E+00
       3,       0, -0.209113568583696E-19,  0.291958988059320E-17, -0.606377497190121E-18, -0.147831501700355E-03, -0.123192918083612E-02, -0.430774845269430E-02, -0.821255414920513E-02, -0.667185534610274E-02, -0.275746364017583E-02,  0.000000000000000E+00
       3,       2, -0.319880101474100E-20,  0.126389986852999E-16, -0.198901447600388E-16, -0.143260697834358E-04, -0.119383914860757E-03, -0.527840998243136E-03, -0.193651095729322E-02, -0.216916317898626E-02, -0.107256104697096E-02,  0.000000000000000E+00
       3,       4, -0.795522142069257E-21, -0.310275790539354E-18,  0.760684191087295E-18,  0.432279929719491E-05,  0.360233274766298E-04,  0.614933190757180E-04, -0.426056419196358E-03, -0.822737320971049E-03, -0.458075538639411E-03,  0.000000000000000E+00
       3,       6, -0.103427514633631E-20, -0.247182022384123E-20,  0.527407154518993E-17, -0.496457166292954E-05, -0.413714305244733E-04, -0.150425091458350E-03, -0.335314458949847E-03, -0.441419436795084E-03, -0.184311335659304E-03,  0.000000000000000E+00
       3,       8, -0.404362838972121E-21,  0.374601936925548E-18, -0.480846677996005E-18, -0.124092209175409E-05, -0.103410174312349E-04, -0.261880650975602E-04,  0.341053076315415E-04, -0.190395880915381E-04, -0.277389249130580E-04,  0.000000000000000E+00
       3,      10, -0.138651955574558E-21, -0.231895685261131E-18,  0.203767444504098E-19, -0.353660544464830E-08, -0.294717120411461E-07,  0.349817932719724E-05,  0.370162861623869E-04,  0.338132841284967E-04,  0.648997709365280E-05,  0.000000000000000E+00
       3,      12,  0.516926766091152E-22, -0.111443289163520E-19,  0.258228049306266E-18,  0.503488325180931E-07,  0.419573604310152E-06,  0.769249041064159E-06, -0.441452878263613E-05, -0.280162740779033E-05, -0.109662330103740E-05,  0.000000000000000E+00
       4,     -12, -0.295076733715932E-22, -0.244257831985773E-18, -0.310868312778132E-18, -0.262122763873660E-17, -0.104399794978475E-05, -0.974398086453045E-05, -0.321932660203732E-06, -0.131609460410632E-04, -0.307315852849605E-05,  0.000000000000000E+00
       4,     -10,  0.574845200045266E-21,  0.132719672594616E-17, -0.196269133217466E-17, -0.851304759869929E-17,  0.301206914201290E-05,  0.281126453253492E-04,  0.855017632177928E-04,  0.108786678923184E-03,  0.425774790441945E-04,  0.000000000000000E+00
       4,      -8,  0.208354181291977E-21,  0.124510550681682E-17, -0.405149194623612E-17, -0.184961143465872E-16,  0.106036790187893E-04,  0.989676708421386E-04,  0.152366720499256E-03,  0.975015063819032E-04,  0.688573060274554E-04,  0.000000000000000E+00
       4,      -6, -0.288731217571795E-20,  0.180698940291814E-17, -0.456017237751921E-19,  0.606021528201738E-16, -0.755142706489501E-05, -0.704799859421611E-04, -0.519114243038892E-03, -0.700127590472651E-03, -0.433048987792199E-03,  0.000000000000000E+00
       4,      -4, -0.114325931969248E-21,  0.381402023497791E-17, -0.236208285744402E-18, -0.247311242883048E-16, -0.110040075231854E-03, -0.102704070216357E-02, -0.297071227104225E-02, -0.280459989277487E-02, -0.633006165927296E-03,  0.000000000000000E+00
       4,      -2, -0.131749814430714E-20,  0.625333052676071E-17,  0.141293155823405E-18, -0.199035346851089E-16,  0.110688036435938E-04,  0.103308834006651E-03,  0.688957211126842E-04, -0.126132474077727E-02, -0.136071527619222E-02,  0.000000000000000E+00
       4,       0,  0.744445920833023E-22, -0.823755511385939E-17, -0.236870590809237E-17,  0.888017931129961E-16,  0.100656504334997E-04,  0.939460707098065E-04,  0.111663795210380E-03, -0.539424858275523E-03, -0.350440092890634E-03,  0.000000000000000E+00
       4,       2, -0.284674426968371E-21, -0.172051857351767E-17, -0.293473814943158E-17, -0.156185251578914E-16,  0.446861814486589E-05,  0.417071026860841E-04, -0.595851037208660E-04, -0.679339862606398E-03, -0.402243082297203E-03,  0.000000000000000E+00
       4,       4, -0.243382822142059E-21,  0.115040389869308E-17, -0.390251333697010E-17, -0.297549974412967E-17, -0.761554425320538E-05, -0.710784130304923E-04, -0.257652780613935E-03, -0.449780336015881E-03, -0.260849169656227E-03,  0.000000000000000E+00
       4,       6, -0.828221381991707E-22, -0.751916146648962E-18, -0.406566601297325E-18,  0.111774998987758E-16, -0.646734386917219E-05, -0.603618761127007E-04, -0.196451077782828E-03, -0.194211949148160E-03, -0.718667657308871E-04,  0.000000000000000E+00
       4,       8, -0.313855566610178E-22,  0.264574710747390E-19,  0.205786834123941E-18,  0.189531193027618E-17, -0.560616225710933E-06, -0.523241810669934E-05, -0.111036756448464E-04,  0.749177355964538E-05,  0.155530287454547E-04,  0.000000000000000E+00
       4,      10, -0.491113195475097E-23,  0.814646605669029E-21,  0.155413537352265E-19,  0.735747963819341E-19, -0.307538964420577E-06, -0.287036366792649E-05,  0.178808147529672E-05,  0.393703172658547E-05,  0.241897631779256E-05,  0.000000000000000E+00
       4,      12,  0.971651077537072E-23,  0.292908196673490E-19, -0.677310029343403E-19, -0.600086995024956E-18, -0.214645645111000E-06, -0.200335935435580E-05,  0.152886411253937E-05, -0.829756188037192E-06, -0.966770351421848E-06,  0.000000000000000E+00
       5,     -12,  0.353110905370820E-22, -0.152902208951489E-23,  0.116986258523695E-18,  0.514660875290943E-18,  0.133614305576842E-17, -0.117283902075283E-05, -0.121193365478050E-04, -0.192468725607042E-04, -0.629236587020577E-06,  0.000000000000000E+00
       5,     -10,  0.145560517390823E-21,  0.260529066296366E-22,  0.454275103335870E-18,  0.303572237318059E-18, -0.127672675877421E-16,  0.381063075426872E-05,  0.393765177946368E-04,  0.533243941839832E-04,  0.248694280154575E-04,  0.000000000000000E+00
       5,      -8, -0.640273187305378E-23, -0.133646059021478E-21, -0.405907464032635E-18, -0.330643746221042E-17, -0.183710112921194E-16,  0.299264147383075E-05,  0.309239618967728E-04, -0.686395409752814E-04, -0.614384506692004E-04,  0.000000000000000E+00
       5,      -6,  0.109162396009360E-21, -0.751072234029387E-22, -0.157196306222741E-17, -0.437325911261243E-17,  0.131033813617835E-16, -0.247606042842147E-04, -0.255859577604378E-03, -0.201989321688468E-03, -0.145754680486707E-03,  0.000000000000000E+00
       5,      -4,  0.314310624466593E-21,  0.136273840298605E-21, -0.154955686088266E-17, -0.559197327349907E-17, -0.438881234063615E-16,  0.491484561751651E-04,  0.507867380478778E-03,  0.588314038834070E-03,  0.242822591430940E-03,  0.000000000000000E+00
       5,      -2,  0.243544817569118E-21,  0.727309629635597E-22, -0.207436758852736E-18, -0.200117743220433E-17, -0.149879861037424E-16, -0.131347785473992E-04, -0.135726044989283E-03, -0.266551498081274E-04,  0.110580939907033E-04,  0.000000000000000E+00
       5,       0, -0.374669646297013E-21, -0.257390303981312E-21,  0.785388723701156E-18, -0.747913930450611E-20, -0.340979954146351E-16,  0.243372361210537E-05,  0.251484773265523E-04,  0.865560272419396E-04, -0.286202832598306E-04,  0.000000000000000E+00
       5,       2,  0.404737845524555E-22,  0.107305285897203E-21, -0.220510363020849E-18, -0.662727223420543E-17, -0.407491858126261E-16,  0.499655737479076E-05,  0.516310928737826E-04,  0.127734081445993E-03, -0.509865569601552E-05,  0.000000000000000E+00
       5,       4,  0.146403904489330E-22,  0.694657215190816E-23,  0.369343883808096E-18,  0.200069780815764E-17,  0.598852494357787E-17,  0.605821777755473E-06,  0.626015837003966E-05,  0.567282199357789E-04,  0.247992550426550E-05,  0.000000000000000E+00
       5,       6, -0.183037489592707E-22, -0.360716048742182E-23, -0.227454726907336E-18, -0.977812666784990E-18, -0.173368389354253E-17, -0.301642312941780E-05, -0.311697056706414E-04, -0.284833450103620E-04, -0.289332131852008E-07,  0.000000000000000E+00
       5,       8, -0.291271636994428E-23,  0.264639949829102E-24,  0.643851967502356E-19,  0.209766723189634E-18, -0.555030469366806E-18, -0.281066700822689E-05, -0.290435590849711E-04, -0.525213336326633E-04, -0.201992891428996E-04,  0.000000000000000E+00
       5,      10, -0.143528093192473E-23,  0.397533103186621E-24, -0.499910702566441E-19, -0.239031385648016E-18, -0.366132787472211E-18,  0.696693701391979E-06,  0.719916824771261E-05,  0.425036487625870E-05,  0.425544633828043E-05,  0.000000000000000E+00
       5,      12,  0.363230321916825E-24, -0.797767613461619E-25, -0.832542109235499E-20, -0.393870810625013E-19, -0.164726619285032E-18, -0.391429462791952E-07, -0.404477111546561E-06,  0.523555102114677E-06,  0.131301868733859E-06,  0.000000000000000E+00
       6,     -12,  0.527762507115019E-34,  0.967719415313473E-34, -0.919750866492410E-18, -0.657901763566657E-17, -0.287655390799362E-16, -0.736897939158230E-16,  0.682201436813058E-06, -0.472594378625600E-05,  0.743602388071587E-06,  0.000000000000000E+00
       6,     -10, -0.124286175546971E-33, -0.104153364750321E-33, -0.226468768857384E-17, -0.564232760224791E-17,  0.171467544908582E-16,  0.577744093479767E-16, -0.349156180555836E-05,  0.125761348766568E-04, -0.148243652473323E-05,  0.000000000000000E+00
       6,      -8, -0.475193887911607E-33,  0.121507015198668E-33,  0.129128719238310E-17,  0.594478451206190E-17,  0.129534004829957E-16, -0.408291316685489E-16,  0.430736612320106E-06,  0.490462240831146E-04,  0.539385088957274E-04,  0.000000000000000E+00
       6,      -6, -0.333322148570058E-33, -0.316693869237331E-33, -0.965682992161599E-18, -0.259809527548176E-17,  0.571022414889679E-17,  0.419485376476451E-17, -0.273224240426256E-04, -0.295877007682980E-03, -0.414450176227692E-03,  0.000000000000000E+00
       6,      -4,  0.551794725579825E-33,  0.154694316363493E-34,  0.178847544490823E-17,  0.232130639115742E-16,  0.142768728324062E-15,  0.650995698085151E-15,  0.190868840589799E-03,  0.647472066806508E-03,  0.834071089268130E-03,  0.000000000000000E+00
       6,      -2, -0.443209300120039E-33,  0.491245419500029E-33, -0.678807804724992E-17, -0.299997066741601E-16, -0.576686776125883E-16,  0.337661925343541E-16, -0.952450646634510E-04, -0.478194875870537E-03, -0.462163827612817E-03,  0.000000000000000E+00
       6,       0, -0.239651304042058E-33, -0.311822633116128E-33,  0.113430911755875E-17,  0.874943446186708E-17,  0.407731955180617E-16,  0.217786604074312E-15, -0.705200297951063E-04, -0.214300199023023E-03, -0.284294484487751E-03,  0.000000000000000E+00
       6,       2,  0.213336664718921E-34,  0.443645532694592E-33, -0.174179379292683E-17, -0.121866202017112E-16, -0.522043442146657E-16, -0.293527128192493E-15, -0.444145825948373E-06,  0.587550360770166E-04, -0.173751170375043E-04,  0.000000000000000E+00
       6,       4, -0.159072453657804E-34, -0.500168614002377E-34,  0.647939051381942E-18,  0.265964477373536E-17,  0.380543332530625E-17,  0.266634645821657E-16,  0.167809602374935E-04,  0.815308890216611E-04,  0.417787783399791E-04,  0.000000000000000E+00
       6,       6, -0.130392302249244E-34,  0.473340955184817E-35, -0.824294845866450E-18, -0.274827623168786E-17,  0.452718702150634E-18,  0.257363847370301E-16,  0.187797427049975E-05,  0.267268617606883E-04,  0.266959683589624E-04,  0.000000000000000E+00
       6,       8,  0.280423396246337E-34,  0.822213268828343E-35,  0.412619065749954E-19,  0.238663002851616E-18,  0.819771004138607E-18,  0.377625910494623E-17, -0.449462862857573E-05,  0.712987075683678E-06,  0.112337860204964E-04,  0.000000000000000E+00
       6,      10,  0.159997614369633E-35,  0.187446589518439E-34, -0.529553740917572E-19, -0.795655763141112E-18, -0.513006242690941E-17, -0.165938841976033E-16,  0.653505875743144E-06,  0.205222845228658E-05,  0.354117650106955E-05,  0.000000000000000E+00
       6,      12, -0.359854086646495E-35,  0.123923435371522E-35, -0.238771297077402E-19, -0.210883154713723E-18, -0.108084094756171E-17, -0.431457157679752E-17,  0.723866089781674E-06, -0.356284100642872E-06, -0.338431970170650E-07,  0.000000000000000E+00
## LA: m,n,LA(1:nbase,iMode) ##############################################################################
       0,       2,  0.583247142275211E-01,  0.583247142275211E-01,  0.579302140388080E-01,  0.561549631895988E-01,  0.516959657508842E-01,  0.460976688586766E-01,  0.419857838320598E-01,  0.410732069938981E-01,  0.451831515223760E-01,  0.489166613161933E-01
       0,       4,  0.263519863260180E-02,  0.263519863260180E-02,  0.228634563037140E-02,  0.716507120334626E-03, -0.325205589064014E-02, -0.841517413699631E-02, -0.107898540274426E-01, -0.814307356480771E-02, -0.358353637404129E-02, -0.381438779442706E-03
       0,       6,  0.670055895721388E-02,  0.670055895721388E-02,  0.652071784921001E-02,  0.571143286319373E-02,  0.366002277280525E-02,  0.952227326527132E-03, -0.712465274914129E-03, -0.641794718092064E-03, -0.249285099466527E-03, -0.786275386753832E-04
       0,       8,  0.758669401106825E-04,  0.758669401106825E-04,  0.597738141373768E-04, -0.126452527425358E-04, -0.166753465317734E-03, -0.163538492246133E-03,  0.141529587847354E-03,  0.180286667932883E-03,  0.870633977845467E-04, -0.456247961036114E-05
       0,      10,  0.185283151184975E-04,  0.185283151184975E-04,  0.159113455362286E-04,  0.413498241601390E-05, -0.180703987304988E-04,  0.624232496356320E-05,  0.305428273257891E-04,  0.777884950205596E-05,  0.710677685896966E-05,  0.344703175008343E-07
       0,      12,  0.131203286809253E-04,  0.131203286809253E-04,  0.123709251222809E-04,  0.899860910838392E-05,  0.178270352138933E-05,  0.160244165459650E-05,  0.137304889148446E-05, -0.264215880319153E-05,  0.448484000336525E-06, -0.249898793414801E-08
       1,     -12,  0.310180200021719E-21,  0.214765664473689E-07,  0.644296993420032E-07,  0.109253920359000E-06,  0.513866784337909E-07, -0.192556415406399E-06,  0.104119412777199E-06,  0.174412951318474E-05, -0.403639291275299E-06,  0.358773724788797E-07
       1,     -10,  0.492082343948844E-19, -0.812056024262231E-05, -0.243616807278647E-04, -0.439251617169072E-04, -0.412206046027218E-04,  0.123602636174155E-04, -0.218975810869762E-04, -0.196243434044795E-04, -0.177921339440297E-04,  0.220521196565444E-06
       1,      -8,  0.515017775416679E-18, -0.328714113065815E-04, -0.986142339197480E-04, -0.177463203277062E-03, -0.164003575045557E-03,  0.824588934382539E-04,  0.162316810699231E-03,  0.258930165168604E-03,  0.123170517442824E-03, -0.306008816675104E-05
       1,      -6, -0.262981203477397E-18, -0.382681824657960E-04, -0.114804547397403E-03, -0.226809274708661E-03, -0.359349990606864E-03, -0.453251961035913E-03, -0.523811861743060E-03,  0.441256526936411E-03,  0.294347605181472E-03,  0.471318880018280E-05
       1,      -4,  0.215640811511684E-17, -0.596958210413499E-03, -0.179087463124052E-02, -0.351561228414832E-02, -0.541844061802943E-02, -0.619959805045009E-02, -0.468810899286229E-02, -0.206321636993802E-02, -0.109932613267466E-02, -0.112504707333633E-02
       1,      -2,  0.175483518242553E-18, -0.174253011540806E-02, -0.522759034622445E-02, -0.998396431844493E-02, -0.134984980373808E-01, -0.916559612663802E-02,  0.102995228043540E-01,  0.383153109856263E-01,  0.600076761196267E-01,  0.710468780089593E-01
       1,       0, -0.216995129728224E-17, -0.578370523466843E-02, -0.173511157040048E-01, -0.353051991404771E-01, -0.628617834505732E-01, -0.100849817933062E+00, -0.161450045722360E+00, -0.229373717464140E+00, -0.290724449360148E+00, -0.325835495526919E+00
       1,       2,  0.118554308645948E-17,  0.173116236182994E-02,  0.519348708548950E-02,  0.100705053098179E-01,  0.146743831086163E-01,  0.146061524505166E-01,  0.936036317557030E-02,  0.378264758563662E-02, -0.378805081435975E-02, -0.887310148586435E-02
       1,       4,  0.473291629483468E-18,  0.117264341181380E-02,  0.351793023544132E-02,  0.690747215877054E-02,  0.106565315172055E-01,  0.124685637233101E-01,  0.118334562852608E-01,  0.836628064586109E-02,  0.349878200035540E-02,  0.133472472315822E-03
       1,       6, -0.665701977311149E-19,  0.186228131532648E-03,  0.558684394597957E-03,  0.109773312437450E-02,  0.169865077514833E-02,  0.198530730315718E-02,  0.174759205573608E-02,  0.110396430060370E-02,  0.527752023863432E-03,  0.302343008893197E-04
       1,       8, -0.661087240485487E-19,  0.113667964858553E-04,  0.341003894575644E-04,  0.608290508963144E-04,  0.522368980351334E-04, -0.613597580080679E-04, -0.263676285228646E-03, -0.280457273718057E-03, -0.109250371594675E-03,  0.168034934185052E-05
       1,      10,  0.146874653808896E-19,  0.472808423541142E-05,  0.141842527062350E-04,  0.260624459577502E-04,  0.280636802314553E-04,  0.513639659962860E-05,  0.204511389251377E-04,  0.167392185523150E-04,  0.416485903639294E-05, -0.605941018180714E-07
       1,      12, -0.367711818949515E-20,  0.120435619447819E-05,  0.361306858343474E-05,  0.629063221902383E-05,  0.424768737939847E-05, -0.678926886196102E-05,  0.701087431916174E-05, -0.153288516085569E-05, -0.890968070223789E-08, -0.144601268113633E-06
       2,     -12,  0.968817682296083E-21,  0.975692923532507E-20,  0.157330316917768E-06,  0.865316743047289E-06,  0.168077891228281E-05, -0.411012836415935E-05, -0.608974101184531E-05, -0.220467371355882E-05,  0.298044872803656E-06, -0.231282635132999E-06
       2,     -10,  0.342919149884999E-20,  0.134948788686703E-20, -0.264754664349911E-05, -0.145615065392455E-04, -0.420112344558464E-04, -0.589552356142330E-04,  0.336526195184057E-04,  0.242565529287775E-04,  0.386218945787364E-05, -0.543580154714755E-08
       2,      -8,  0.473963430698563E-21,  0.849149873280986E-20,  0.117441655429411E-04,  0.645929104861799E-04,  0.175625835087040E-03,  0.161366963325568E-03, -0.169264696054777E-03, -0.308519938053097E-03, -0.907410635618474E-04,  0.389545416327858E-05
       2,      -6, -0.658894395924550E-19, -0.304091990964251E-19,  0.783681593665832E-04,  0.431024876516181E-03,  0.124159277283763E-02,  0.172687249285661E-02,  0.226622735932768E-03, -0.139526716929061E-02, -0.796300277839361E-03, -0.328425786001328E-04
       2,      -4,  0.210210946362461E-20, -0.254515152419234E-20, -0.687154351700173E-04, -0.377934893435120E-03, -0.116136256578865E-02, -0.219269168846706E-02, -0.402625475207639E-02, -0.474541474902943E-02, -0.147769467589358E-02,  0.931379772434573E-03
       2,      -2, -0.775001134005623E-20, -0.166002766666463E-18, -0.476037859313480E-03, -0.261820822622425E-02, -0.799230503219112E-02, -0.146934163368376E-01, -0.192201915579233E-01, -0.290992061143991E-01, -0.378797297819132E-01, -0.441429617735761E-01
       2,       0, -0.282093572152604E-19, -0.463406319986247E-19, -0.578216578633425E-03, -0.318019118248373E-02, -0.981477464471487E-02, -0.188456438726315E-01, -0.219615188069824E-01, -0.864350166000641E-02,  0.880071852183843E-02,  0.196640311115365E-01
       2,       2, -0.835588871841075E-20,  0.772287095657973E-19, -0.104924782098982E-03, -0.577086301544383E-03, -0.186436792009065E-02, -0.419773217339112E-02, -0.696815807404427E-02, -0.590577326067743E-02, -0.164468997322489E-02,  0.135187908030067E-02
       2,       4,  0.565846514130966E-19, -0.222716573704428E-19, -0.429739062631906E-04, -0.236356484447541E-03, -0.769008616362054E-03, -0.176986388126095E-02, -0.326028407466366E-02, -0.333285668746249E-02, -0.145054819226972E-02,  0.328540381376577E-05
       2,       6, -0.204516450354473E-19, -0.137861746254293E-19, -0.333179234531626E-04, -0.183248578992393E-03, -0.552168134646566E-03, -0.961063888845008E-03, -0.116894134744019E-02, -0.107551427899112E-02, -0.454057248429836E-03, -0.970491587971618E-05
       2,       8, -0.627755266825334E-20, -0.594367010358452E-20, -0.823860481214363E-05, -0.453123264667895E-04, -0.119397264749295E-03, -0.776833654653327E-04,  0.141595489184927E-03,  0.537890519831624E-04, -0.174147852797376E-04, -0.105566343468479E-05
       2,      10, -0.287904978843301E-20,  0.129447361009720E-20, -0.107007341392651E-05, -0.588540377659637E-05, -0.137833312366804E-04,  0.600647971010159E-05,  0.487909660462803E-04,  0.261375798222070E-04, -0.525338994610867E-05, -0.489315482556620E-07
       2,      12, -0.546645447338690E-21, -0.317846494653746E-19,  0.108109442843910E-06,  0.594601935641813E-06,  0.156453855934856E-05,  0.998588329387350E-06, -0.208680255794970E-05, -0.257175239546348E-05,  0.185946401519674E-06, -0.134890738189257E-06
       3,     -12, -0.105014440344626E-21, -0.230953893638099E-21, -0.851922628138733E-18, -0.283851415791486E-06, -0.236542846490886E-05, -0.531414848816079E-05,  0.147884243882539E-04, -0.513129422537818E-05,  0.149918884026255E-05, -0.218175218097676E-06
       3,     -10,  0.372670240982268E-21,  0.103724350530537E-21, -0.304129479000367E-18,  0.445049516772803E-05,  0.370874597310653E-04,  0.108661947293716E-03,  0.299963086264961E-04,  0.675389403062241E-05,  0.116179469174354E-04,  0.615425267951849E-06
       3,      -8, -0.423522297237598E-21, -0.223461629158888E-20, -0.229570719320108E-17, -0.299295578323025E-07, -0.249412981905151E-06, -0.649809408090693E-04, -0.664120352493160E-03, -0.639509092561053E-03, -0.242903129752625E-03, -0.365343908247664E-05
       3,      -6, -0.127409880277984E-19,  0.243232412858789E-21, -0.367552989798507E-18, -0.711631884516383E-04, -0.593026570430322E-03, -0.206655122758283E-02, -0.387984640967552E-02, -0.292220385577902E-02, -0.113229781395137E-02,  0.163397789619209E-03
       3,      -4, -0.203753241036174E-19, -0.239655091692285E-20, -0.309377697857838E-16, -0.132014265453452E-03, -0.110011887877827E-02, -0.373455738373133E-02, -0.617359000388792E-02, -0.647033724099561E-02, -0.425811444263831E-02, -0.223348376041876E-02
       3,      -2,  0.190905311056343E-19,  0.948173602207363E-20, -0.466661571704047E-17,  0.557309526829230E-04,  0.464424605691094E-03,  0.150161861370103E-02,  0.183168062721334E-02,  0.915304272349254E-03,  0.878043074945734E-03,  0.162934201882031E-02
       3,       0,  0.982087458009734E-20, -0.257946727503717E-20, -0.143451559824609E-16,  0.802913780524399E-04,  0.669094817103943E-03,  0.219063113528655E-02,  0.292052778729771E-02, -0.391252169921321E-04, -0.119073510093472E-02, -0.209090492135311E-02
       3,       2,  0.265853360180544E-20,  0.195731005880181E-20, -0.388223674838039E-17,  0.172640730613812E-04,  0.143867275511602E-03,  0.415056840351781E-03,  0.496316318930298E-04, -0.150990040814560E-02, -0.928378590512383E-03, -0.213448215240971E-03
       3,       4,  0.690623616878257E-20,  0.160835417893993E-20,  0.100581299676734E-17, -0.952358406486523E-05, -0.793632005405701E-04, -0.276212697366624E-03, -0.515628896859094E-03, -0.792853704515798E-03, -0.457943522526351E-03, -0.423441259998940E-05
       3,       6, -0.514862331043998E-20, -0.114682201128166E-20,  0.288908211925278E-17, -0.619390955943148E-05, -0.516159129953245E-04, -0.174909364008507E-03, -0.286447858492402E-03, -0.197997814316370E-03, -0.861132618306500E-04,  0.222151869170545E-05
       3,       8, -0.768366053494232E-22, -0.789490404086461E-21,  0.230584086583746E-18,  0.472450105881538E-07,  0.393708421560233E-06, -0.434781226575978E-06, -0.160940141631820E-04,  0.357133361284314E-04,  0.333850987243806E-04,  0.322637672008451E-06
       3,      10,  0.399253792087904E-21, -0.534831529898120E-22, -0.949873773970978E-19, -0.174783686736018E-06, -0.145653072279787E-05, -0.454384851045299E-05, -0.403399597625449E-05, -0.328678254890551E-05,  0.318398958983766E-05, -0.116850103131913E-06
       3,      12, -0.428081562341895E-22,  0.719897830711476E-22, -0.305035888282997E-19, -0.193112731426836E-06, -0.160927276188924E-05, -0.427706929968686E-05,  0.322352128689316E-05, -0.273838701342519E-06,  0.402374816378817E-06, -0.760665507637414E-07
       4,     -12, -0.105149278094243E-21, -0.383211723394140E-22,  0.579515708674265E-19,  0.149336992632644E-18,  0.622020082721037E-06,  0.580552077206343E-05, -0.146698360687259E-05, -0.488491510648480E-05, -0.166326454340458E-06,  0.326169114097256E-06
       4,     -10,  0.177138756895864E-21,  0.283581910496431E-23, -0.251753186117820E-17, -0.899487950133301E-17,  0.929155612074289E-06,  0.867211904612043E-05,  0.462555799152740E-04,  0.624463112749805E-04, -0.291564899217780E-05, -0.671050432905902E-07
       4,      -8, -0.157494983759410E-20, -0.921123768131253E-21, -0.317349163397217E-17, -0.672084614722993E-17, -0.152966818963561E-04, -0.142769031032762E-03, -0.238822222074331E-03, -0.133468648773596E-03, -0.114835969930820E-03,  0.824978870430367E-05
       4,      -6,  0.111829009035968E-20,  0.294359986671117E-21, -0.132572170811982E-17, -0.550605592614692E-17, -0.106965795024528E-04, -0.998347420228117E-04,  0.608548284409383E-05,  0.527767332349568E-03,  0.147172706101368E-03, -0.106829634299468E-03
       4,      -4,  0.469513521299741E-21, -0.433755376216176E-21, -0.561304152412738E-17, -0.574462586312967E-17,  0.787315337255769E-04,  0.734827648104916E-03,  0.192138635797792E-02,  0.165928729530158E-02,  0.117977001738310E-03, -0.376864823711411E-03
       4,      -2,  0.228155244815635E-21, -0.441298663648299E-22, -0.304992068924265E-17, -0.871587189520129E-17,  0.267787516430568E-05,  0.249935015335312E-04,  0.747013576754857E-04,  0.600245781827661E-03,  0.123612778435125E-02,  0.167648017515411E-02
       4,       0,  0.233797423320329E-20,  0.343594972030072E-21, -0.512487107512078E-18,  0.606181168853937E-17, -0.963064100919582E-05, -0.898859827528475E-04,  0.130217640280120E-04,  0.465195760500793E-03,  0.304757247816004E-03,  0.476161508682754E-03
       4,       2,  0.570489525071636E-21,  0.141561934749613E-20, -0.691328854184643E-18,  0.685580828268458E-17, -0.214187659703227E-05, -0.199908482393689E-04,  0.169810828477978E-03,  0.577979237571463E-03,  0.132006962375232E-03,  0.425419686114153E-04
       4,       4, -0.260625277188353E-22, -0.892527467261001E-22, -0.681027613388667E-18, -0.298114684364896E-17,  0.148540712245267E-05,  0.138637998096090E-04,  0.895173865055601E-04,  0.272005234347143E-03,  0.719397744506827E-04,  0.172787871463867E-05
       4,       6, -0.336042049412798E-21,  0.144390040969728E-22, -0.292220034535967E-18, -0.208431731636235E-17, -0.110740083815702E-05, -0.103357411560737E-04, -0.532088303734434E-04, -0.297992048438367E-04,  0.336341616201168E-05, -0.370523871350480E-06
       4,       8,  0.502682792393854E-22,  0.325787693491973E-22, -0.403862035397553E-18, -0.225167320843936E-17, -0.170376969262308E-05, -0.159018504644297E-04, -0.693636014189502E-04, -0.109016295187380E-03, -0.423487450006380E-04, -0.354775441759815E-06
       4,      10,  0.510537112456932E-24, -0.267280080979701E-22,  0.113775008122697E-18,  0.332067832349103E-18,  0.876712859881387E-06,  0.818265335889219E-05,  0.227259407147711E-04,  0.830977551909750E-05,  0.783748557149219E-05, -0.211875486648892E-06
       4,      12,  0.153749825298566E-22, -0.576277440953169E-23,  0.152874627381541E-19,  0.757140778475885E-21,  0.118140983229139E-06,  0.110264917680719E-05, -0.147998401912481E-05,  0.371645913786710E-06,  0.427871278492792E-06, -0.291096240333344E-08
       5,     -12,  0.233886466244721E-22, -0.168259470164523E-22,  0.135949935287264E-18,  0.866031473793541E-18,  0.210477257847721E-17,  0.348973104844067E-06,  0.360605541671915E-05,  0.543821265423428E-06, -0.226283371707597E-05,  0.655316955598030E-06
       5,     -10,  0.174772435978253E-22, -0.242317312385307E-22,  0.239087504557713E-18, -0.343512986237873E-18, -0.127967690289841E-16, -0.995861432840441E-06, -0.102905681388456E-04,  0.218821185465076E-04, -0.117411107837859E-05, -0.400370728710980E-06
       5,      -8, -0.196310478377825E-21, -0.593417520507631E-22, -0.104976846672467E-17, -0.419671484738847E-17, -0.929401390829735E-17,  0.869517660924993E-05,  0.898501582957544E-04,  0.801424099147523E-04,  0.497857458645960E-04, -0.290946035957670E-05
       5,      -6, -0.141903016114240E-22,  0.594427081238597E-22,  0.435125207364155E-17,  0.205033366683785E-16,  0.498087963442545E-16,  0.225321224543858E-04,  0.232831932027966E-03, -0.143065663717390E-03, -0.260678205043192E-03,  0.229835922850878E-04
       5,      -4,  0.894759521796827E-21,  0.263450559940807E-21, -0.570296967684045E-19,  0.241459683786781E-17,  0.220770542882151E-16,  0.403576328628651E-05,  0.417028872909534E-04,  0.140109792534247E-03,  0.187406053013323E-03, -0.566909278445430E-03
       5,      -2, -0.264966931773019E-21, -0.270971765761225E-21,  0.698165005832047E-17,  0.294242056409639E-16,  0.689713729817977E-16, -0.557956057091650E-04, -0.576554592329294E-03, -0.145907416800168E-02, -0.148633867118016E-02, -0.734613805560411E-03
       5,       0,  0.198593345395924E-21,  0.814690509619602E-22,  0.110317864923987E-17,  0.885063634385091E-17,  0.502878070596308E-16, -0.265384698001073E-04, -0.274230854602580E-03, -0.485875287080598E-03, -0.566614120557484E-03, -0.125820402451695E-03
       5,       2, -0.253984212311560E-21, -0.438272509053788E-22, -0.118990362203771E-17, -0.442741803582011E-17, -0.441501479427536E-17,  0.808049817896229E-06,  0.834984811819380E-05,  0.110715428583933E-03,  0.176377313547939E-04, -0.508456807854280E-05
       5,       4,  0.305908116690081E-22, -0.148665260287837E-22, -0.704792783565684E-19, -0.114077596116282E-17, -0.907662504171266E-17,  0.496484157738978E-05,  0.513033629666554E-04,  0.152133815433755E-03,  0.996935898464805E-04,  0.155868208772518E-05
       5,       6,  0.305461453739413E-23, -0.126467863758035E-22,  0.167355864548659E-18,  0.951588526843918E-18,  0.403474765126546E-17,  0.735484960684626E-06,  0.760001126030001E-05,  0.569844513293782E-04,  0.572927763730726E-04,  0.301941128791887E-06
       5,       8,  0.543303202216948E-24,  0.259961141684623E-23, -0.179935840349967E-18, -0.112112579774125E-17, -0.339279825797714E-17,  0.113972486828016E-07,  0.117771569765601E-06,  0.223645606941002E-04,  0.314883086861593E-04, -0.899326403051384E-07
       5,      10,  0.241003094832902E-23, -0.259992690267799E-24,  0.177403219395534E-19,  0.918481794128840E-19,  0.853923803413214E-18,  0.729759777960034E-07,  0.754085103854910E-06,  0.381232123223817E-05,  0.603348466754800E-05, -0.749268816540020E-07
       5,      12,  0.131763377167138E-23,  0.109438982907101E-24,  0.413965723216574E-20,  0.226084118430351E-19, -0.137398508243634E-18,  0.199677066403694E-06,  0.206332968618178E-05, -0.699233889752682E-06, -0.100771644329224E-06, -0.408259473392127E-08
       6,     -12,  0.599527814917480E-34, -0.202533317667530E-35,  0.407739939550103E-18,  0.223111393271503E-17,  0.703998448537234E-17,  0.448857303220390E-17, -0.876468966342659E-05, -0.556194634617774E-05, -0.436908658179662E-07,  0.222131815540102E-06
       6,     -10,  0.102984763498378E-33,  0.878202403025802E-34, -0.176999351041385E-17, -0.197492880829652E-17,  0.336920760592555E-16,  0.526151243148656E-16, -0.134480918620958E-04, -0.650033620810667E-05,  0.449482667810803E-05, -0.299302368939807E-05
       6,      -8, -0.101391310238817E-33,  0.902052958112112E-34,  0.621542765605414E-18, -0.409448753405669E-17, -0.517311078092928E-16, -0.123242521414741E-15, -0.164488068450738E-04, -0.290229245755957E-04,  0.344422409204467E-04,  0.309565625982959E-04
       6,      -6, -0.110003254284354E-33,  0.196181279747209E-33, -0.293255539104086E-17, -0.161223684431216E-16, -0.512640009465193E-16, -0.434688664850704E-16, -0.320785412188750E-04, -0.462503817390113E-04, -0.201933578412757E-03, -0.233457750708110E-03
       6,      -4, -0.565380671477665E-33,  0.243898375583267E-33, -0.443285467708631E-17, -0.244218440446139E-16, -0.779178178543433E-16, -0.200508936774055E-15, -0.265623653843161E-04,  0.916708684466028E-04,  0.361272724312986E-03,  0.222440528504612E-03
       6,      -2,  0.837576288538409E-34, -0.878507545568491E-34,  0.349753305837488E-17,  0.134896388473305E-16,  0.133168870738008E-16,  0.194426904156602E-16,  0.422877666788861E-04,  0.182052958331428E-03,  0.280995293194019E-03,  0.186340769237471E-03
       6,       0, -0.362672142977652E-34,  0.818523262826501E-34, -0.486355030529885E-18, -0.249326125745020E-17, -0.699711794707229E-17, -0.468813250372169E-16,  0.297316579257455E-04,  0.387111955338510E-04,  0.859552849153192E-04,  0.325250901518302E-04
       6,       2, -0.360332175537307E-34,  0.223683956144473E-34,  0.176718113169240E-18, -0.689621524894008E-18, -0.107538592472449E-16, -0.253631190806425E-16,  0.562316819600079E-05, -0.247934131068423E-04, -0.271069171481418E-05,  0.109893891309181E-05
       6,       4, -0.659864288999621E-34,  0.322337889688014E-34, -0.750242657392289E-18, -0.441279454622270E-17, -0.155164125924056E-16, -0.304744568114166E-16, -0.415012005864101E-05, -0.254833023765488E-04, -0.142101078078857E-04, -0.988812124875864E-06
       6,       6, -0.768416142149303E-35, -0.190444331707144E-34,  0.100816436260870E-18,  0.915419355522489E-18,  0.477202893529585E-17,  0.137662945643309E-16, -0.192065835543021E-05, -0.103030210475220E-04, -0.693757050228872E-05, -0.422922438471642E-06
       6,       8,  0.578676096586519E-35,  0.204921052577577E-35,  0.206340413039834E-19,  0.110732353782759E-18,  0.338138444576808E-18,  0.740228887270701E-18, -0.114233010639427E-05, -0.601067743716728E-05, -0.488815301000018E-05, -0.139021825884296E-06
       6,      10,  0.678852520939446E-36, -0.142220159942556E-35,  0.296713039843578E-21, -0.100861805942800E-19, -0.924583744145686E-19,  0.105634343940775E-18, -0.274180247223662E-06, -0.191868317335808E-05, -0.111281737917176E-05, -0.356482717205933E-07
       6,      12, -0.756449643973915E-37,  0.443980122632342E-36,  0.510327946063507E-20,  0.200955696957774E-19,  0.228701627468190E-19, -0.152653938365534E-18, -0.417107044085959E-06, -0.622767944792266E-07,  0.103289837136765E-06, -0.172741110464175E-07
       0,       2,  0.460201217725606E-14,  0.460201217725606E-14,  0.370225315529025E-14, -0.346662437092950E-15, -0.757191519522226E-14,  0.419836678607909E-14, -0.395259100253021E-14,  0.365411634305674E-14, -0.250296216965049E-14,  0.190225871873001E-14
       0,       4,  0.427824311703060E-15,  0.427824311703060E-15,  0.168513761072160E-15, -0.998383715227287E-15, -0.276308675768051E-14,  0.327589858393586E-14, -0.196976648495482E-14,  0.289302229492795E-15,  0.364020813696810E-15, -0.190121344051643E-15
       0,       6,  0.202754281677202E-14,  0.202754281677202E-14,  0.159274226238935E-14, -0.363860232406523E-15, -0.355176062095076E-14,  0.466644715643075E-14, -0.324766082875407E-14,  0.306823742398932E-14, -0.218794658240919E-14,  0.936670017905198E-15
       0,       8,  0.868636176303181E-15,  0.868636176303181E-15,  0.742981652140522E-15,  0.177536294595861E-15, -0.814887046504477E-15,  0.967280355555611E-15, -0.899922072729796E-15,  0.443596221183465E-15, -0.251314439064542E-15,  0.300372084204995E-16
       0,      10, -0.189786945281610E-14, -0.189786945281610E-14, -0.160266910834644E-14, -0.274267557316891E-15,  0.206620829583949E-14, -0.204585383433716E-14,  0.132778941525205E-14, -0.734406255153694E-15,  0.210371117789506E-15, -0.229916808463186E-15
       0,      12,  0.962471363295207E-15,  0.962471363295207E-15,  0.826569333950284E-15,  0.215010199927863E-15, -0.898578670426108E-15,  0.693676489376842E-15, -0.308184251080546E-15,  0.105730277374721E-15,  0.725890708214281E-16, -0.213856214392980E-15
       1,     -12, -0.927083350744000E-26, -0.307399912714070E-16, -0.922199739410866E-16, -0.158825909042876E-15, -0.939495868773186E-16,  0.230224305161860E-15, -0.169529192559775E-16,  0.167600881396491E-16, -0.865110386161102E-16, -0.258978444105176E-15
       1,     -10,  0.100935825140732E-25,  0.210954097624242E-16,  0.632862289855190E-16,  0.102484363558836E-15,  0.102199805272782E-16, -0.275576572501516E-15,  0.395255459391796E-15, -0.235283869739071E-15,  0.341354688103173E-15, -0.349376690292079E-17
       1,      -8,  0.146096940771780E-25,  0.173999102217909E-16,  0.521997304229987E-16,  0.944210761375604E-16,  0.908458955863343E-16,  0.107516619325702E-16,  0.357359734996929E-15, -0.452444991371034E-15,  0.861425823523166E-15, -0.437277594381463E-15
       1,      -6,  0.113376487080705E-25,  0.784451661803140E-16,  0.235335498505935E-15,  0.399044801442855E-15,  0.187566699756895E-15, -0.714125026514201E-15,  0.272530523274453E-15, -0.245533078490200E-15, -0.474183929661942E-16, -0.247416299066764E-16
       1,      -4, -0.282893063853290E-25, -0.167819319700200E-15, -0.503457959164609E-15, -0.855407928677893E-15, -0.415626615815560E-15,  0.155389911774414E-14,  0.110442736055448E-15, -0.236442028222605E-14,  0.182580839875214E-14, -0.370305873630206E-15
       1,      -2, -0.202391341420826E-25,  0.658666516134326E-16,  0.197599954830410E-15,  0.332224429345100E-15,  0.133870849879939E-15, -0.584191173872103E-15,  0.108422753513008E-14, -0.101358733372051E-14,  0.549532497173013E-15, -0.878733540367176E-15
       1,       0, -0.326270600705115E-25,  0.678815531367011E-17,  0.203644660595828E-16, -0.471817552855410E-18, -0.275458032077488E-15, -0.739947888455692E-15,  0.161111206382820E-14, -0.146915383657458E-14,  0.292181332106434E-15,  0.103950751859277E-14
       1,       2,  0.430803202626214E-25,  0.147223775284291E-16,  0.441671326012035E-16,  0.101340870479891E-15,  0.255612151544440E-15,  0.412734208116181E-15, -0.793758479704984E-15, -0.840476954410317E-16,  0.119840460350930E-15,  0.239376245068987E-15
       1,       4, -0.941598240598205E-26, -0.748726626257900E-16, -0.224617987810115E-15, -0.344806369988767E-15,  0.121520088790098E-15,  0.142941863507335E-14, -0.138874004095708E-14,  0.151183688467327E-14, -0.154864353598232E-14,  0.108312837924842E-14
       1,       6, -0.117130136664117E-25, -0.238613616294973E-16, -0.715840848260176E-16, -0.109463316765257E-15,  0.422601564998872E-16,  0.450475304028556E-15, -0.599063190087307E-15,  0.239109195721324E-16,  0.661249148270659E-15, -0.625331827840656E-15
       1,       8,  0.146484681807678E-25, -0.167715581352489E-16, -0.503146744447417E-16, -0.698014780236269E-16,  0.891833408597537E-16,  0.510424770254606E-15, -0.171168229279511E-15, -0.260145383305195E-16, -0.297521485561151E-16,  0.181968527802598E-16
       1,      10, -0.108423691234961E-25, -0.157702120856374E-16, -0.473106364576397E-16, -0.913719560698377E-16, -0.130624481576689E-15, -0.927477734743785E-16,  0.241278835461366E-15, -0.204678261828861E-15,  0.118487519847490E-15,  0.171295151447485E-15
       1,      12,  0.898529186802690E-26,  0.679020117643072E-16,  0.203706035704368E-15,  0.338682942751612E-15,  0.106277373194079E-15, -0.718636780498908E-15,  0.849984747777002E-15, -0.602239703206384E-15,  0.369766807516124E-15, -0.173841161041289E-15
       2,     -12,  0.114830516898701E-26, -0.218303604348776E-27, -0.282008571565152E-16, -0.155104713695421E-15, -0.351794380434458E-15,  0.265193610045830E-15, -0.146280493428088E-15, -0.103344607879270E-15,  0.600382398347969E-16, -0.753502268659873E-16
       2,     -10, -0.249706607894222E-27, -0.124006275822817E-26,  0.764101245003089E-17,  0.420255677823984E-16,  0.424671846851287E-16, -0.565133644185442E-15,  0.650619262663132E-15, -0.602533623567185E-15,  0.504194967733149E-15, -0.747622478932744E-16
       2,      -8, -0.252847081908461E-26, -0.105428982421728E-26,  0.759406058321768E-17,  0.417673341465552E-16,  0.279797270146894E-16, -0.694441881637095E-15,  0.633085493394699E-15, -0.341141072622172E-15,  0.188536775136106E-16, -0.154812779590969E-15
       2,      -6, -0.180633657884803E-26, -0.201547115323202E-26, -0.236702783583649E-16, -0.130186530434841E-15, -0.321322641316578E-15, -0.205013161409696E-16,  0.430312644971594E-15, -0.573092352977048E-15,  0.394173004974418E-15,  0.176842468664190E-15
       2,      -4,  0.187103565080200E-26, -0.994097300447098E-27,  0.840072920285040E-17,  0.462040103353464E-16,  0.866664116985582E-16, -0.248205235484363E-15, -0.296209815559460E-15,  0.318827576997886E-15,  0.392838819984583E-15,  0.745621891126213E-16
       2,      -2, -0.555532657163106E-26,  0.687231881254289E-27,  0.546373356590167E-16,  0.300505345907649E-15,  0.546769688668549E-15, -0.177201429968047E-14,  0.188742957333533E-14, -0.166584909767587E-14,  0.551504287539197E-15,  0.712717856374188E-16
       2,       0, -0.237165981884574E-26, -0.624149547170287E-26,  0.215681185539917E-16,  0.118624650865956E-15,  0.256875752957655E-15, -0.316481171038045E-15, -0.497927723812587E-15,  0.395775164331192E-15,  0.704025033306914E-15, -0.190841126290771E-15
       2,       2, -0.531616292420275E-26,  0.255899370421296E-26,  0.176501198750094E-16,  0.970756597676202E-16,  0.202616917919475E-15, -0.329882208163444E-15,  0.439172332875836E-15, -0.545465236214409E-15,  0.866273544040365E-15, -0.625615059668291E-15
       2,       4, -0.239319920382423E-26, -0.333867947710765E-27, -0.422264785777421E-16, -0.232245633063578E-15, -0.394656543538088E-15,  0.163003752239398E-14, -0.180621672812835E-14,  0.106995507490575E-14, -0.758749733344628E-15,  0.477408116033601E-15
       2,       6,  0.193277020147223E-26, -0.107910550231552E-26, -0.786573103021093E-17, -0.432615206720040E-16, -0.901144877520139E-16,  0.148702602016517E-15, -0.252215423851260E-15,  0.319371318645147E-15, -0.445875824386208E-15,  0.136624108964599E-15
       2,       8, -0.174768089174531E-28,  0.902992267140761E-27, -0.717965607253027E-17, -0.394881085838727E-16, -0.384966779667747E-16,  0.544137737110109E-15, -0.755735106101457E-15,  0.617767315698505E-15, -0.190576030625793E-15,  0.208715855601631E-15
       2,      10, -0.334600072680916E-26, -0.137234018587021E-26,  0.126939156860829E-16,  0.698165362588110E-16,  0.137327724662285E-15, -0.315592292410680E-15,  0.333743458356194E-15, -0.336882735324259E-15,  0.868051872756364E-16,  0.955728877030570E-16
       2,      12, -0.136266024906845E-28,  0.946254053292637E-25,  0.134714204143554E-16,  0.740928119551300E-16,  0.159670175688209E-15, -0.204898764393833E-15,  0.307399616639948E-15, -0.255744410554684E-15,  0.289875330627059E-15, -0.564044063314397E-16
       3,     -12,  0.413173759709427E-27, -0.753799533987848E-28,  0.238603285300327E-24,  0.605954890298925E-18,  0.504962191997995E-17,  0.781933928071027E-17, -0.679957598331300E-16, -0.427124083049870E-17,  0.719426743231103E-16,  0.201311916146292E-16
       3,     -10, -0.615184276286905E-27, -0.364216592297429E-27,  0.444283903618994E-25,  0.511333391079136E-19,  0.426117985563104E-18,  0.120177916536833E-16,  0.111627367966520E-15, -0.122388403295410E-15, -0.125904831630912E-15, -0.571964235522578E-16
       3,      -8, -0.315594658425913E-28, -0.305880332088562E-27,  0.665266888741489E-25,  0.127134082674726E-18,  0.105944748818541E-17, -0.159751152127432E-16, -0.196294529250532E-15,  0.507759770086166E-15, -0.384565628319224E-15,  0.832078127726701E-16
       3,      -6, -0.196679802833724E-28,  0.411111567561561E-27,  0.346433522835231E-24, -0.413456960026411E-18, -0.344548360296643E-17, -0.267440032081299E-16, -0.174827739315648E-15,  0.158734646915981E-15, -0.346117670776151E-15,  0.398717533751401E-15
       3,      -4, -0.811305422214470E-27, -0.177701330636706E-27, -0.117797437644178E-24,  0.116402391007136E-16,  0.970019884096716E-16,  0.249960936337597E-15, -0.275395414067001E-15,  0.610797773908608E-15, -0.556360162336582E-16, -0.163319118436285E-15
       3,      -2,  0.105545690358608E-26,  0.425266128054025E-28,  0.982254880775403E-26,  0.650814457115618E-17,  0.542345368860656E-16,  0.131895076309198E-15, -0.235195206269909E-15,  0.216040221855314E-15,  0.150621211034734E-15,  0.114890312927129E-15
       3,       0, -0.124751217280612E-26, -0.119129242397752E-27,  0.319133283958424E-24, -0.893138535714316E-17, -0.744282196843504E-16, -0.198059930013887E-15,  0.146532306488567E-15, -0.822509670370568E-15,  0.797301047246959E-15,  0.112649982053501E-15
       3,       2,  0.773316394396585E-27,  0.150099009381590E-27,  0.248606045696701E-24,  0.228156787242267E-18,  0.190129908572112E-17,  0.302055122877212E-16,  0.256098739369994E-15, -0.399712339575317E-15,  0.648812017892008E-15, -0.315690613763676E-15
       3,       4,  0.830862617075892E-27,  0.457694564598820E-27, -0.433152904401450E-24, -0.182684983022784E-16, -0.152237478855937E-15, -0.382459423822302E-15,  0.533850385543705E-15, -0.895795919755882E-16, -0.212047315483382E-15,  0.101265166982063E-16
       3,       6, -0.582051643774722E-27, -0.368875957481191E-27,  0.246564846527353E-24,  0.109383651276708E-16,  0.911530361965529E-16,  0.202892497273509E-15, -0.589420292577212E-15,  0.304400655688504E-15, -0.306918855917016E-15,  0.157083035419569E-15
       3,       8, -0.515480055286926E-27,  0.294267012978507E-27,  0.281869234945264E-24, -0.710596040761401E-17, -0.592163430130575E-16, -0.156190805743934E-15,  0.130936592387645E-15, -0.476584772335267E-16,  0.842207396250883E-16,  0.164527538745865E-15
       3,      10,  0.119640464441950E-27, -0.134205338093506E-27,  0.380884462025087E-25, -0.647614686116075E-17, -0.539678905488198E-16, -0.136945600242097E-15,  0.175149285984442E-15, -0.591125669778808E-16,  0.850944637845036E-16, -0.714615431650702E-16
       3,      12, -0.222271989337976E-27,  0.203851055625321E-28,  0.364354809022880E-24,  0.451330777931845E-17,  0.376108940348071E-16,  0.833635935114057E-16, -0.246843968060233E-15,  0.289998880151303E-15, -0.766851539565547E-16, -0.408068735271425E-16
       4,     -12, -0.651104259464065E-28, -0.399067570899813E-28, -0.710087857421037E-24, -0.321515375039762E-23, -0.184111698502406E-16, -0.171837527748378E-15,  0.225286936219402E-15,  0.880034514545375E-17, -0.183225668658463E-15,  0.977810355366706E-16
       4,     -10,  0.126227406675546E-27, -0.504100864867010E-28, -0.379462166350180E-24, -0.181673474045236E-23,  0.973751345543503E-17,  0.908834941541497E-16, -0.145323572177504E-15,  0.254154229671245E-15, -0.261221320822941E-15,  0.904754805380348E-16
       4,      -8,  0.237722185008409E-27,  0.198288816667542E-27, -0.286117881779331E-24, -0.453309979182881E-24, -0.268222541961015E-16, -0.250341054780708E-15,  0.349447893402623E-15, -0.101292585030900E-15, -0.141983383051002E-16, -0.175394888609552E-16
       4,      -6,  0.160109855491675E-28, -0.838928529637505E-28, -0.123249764512783E-24, -0.226790467819589E-24, -0.102537818292708E-16, -0.957019690639703E-16, -0.872522914935728E-16,  0.245158174432705E-15, -0.114013371081453E-15,  0.269643028471642E-16
       4,      -4,  0.193451266901065E-27, -0.697602535602516E-29,  0.626420127577310E-25, -0.738867111833490E-24, -0.227871472380988E-16, -0.212679998752813E-15,  0.262542005052212E-15, -0.934183305363000E-16, -0.515423748673199E-16, -0.872440344809505E-16
       4,      -2,  0.168847645427282E-27, -0.336502970960869E-28, -0.208275755959136E-24, -0.722944661856952E-24,  0.118978488512819E-16,  0.111046595988592E-15, -0.300736531941532E-15,  0.304751872932455E-15, -0.135428459398803E-15,  0.764806496037173E-16
       4,       0, -0.109474718963581E-27, -0.115588242015006E-28,  0.239223330849010E-24,  0.413289839066663E-24,  0.180061882140399E-16,  0.168057768244880E-15,  0.133920253493427E-15, -0.503794286835232E-15,  0.584779166701453E-15,  0.178628427124071E-16
       4,       2,  0.134337950060921E-27,  0.107852626223006E-27, -0.134333824517877E-24, -0.302661265542771E-24,  0.760008861937096E-17,  0.709341572154677E-16, -0.125304778397436E-15,  0.117491868434391E-16, -0.875235628905316E-16, -0.178596918935681E-16
       4,       4,  0.193613244285272E-27,  0.133720346655297E-27,  0.185217995429943E-24,  0.470977561121791E-24, -0.292439121976105E-17, -0.272943160127584E-16,  0.160418807688353E-15, -0.334639986608790E-15,  0.271061569748084E-15,  0.225989972408232E-16
       4,       6, -0.170313875328198E-27,  0.108120603039851E-27, -0.177563613242584E-24, -0.106782747646588E-23,  0.164607450371945E-16,  0.153633646882965E-15, -0.217201469380397E-15,  0.214479299985203E-15, -0.355659127702636E-16,  0.160629398210747E-16
       4,       8,  0.509915441577413E-28,  0.169596645356505E-27, -0.471670684367057E-24, -0.278084115434501E-23, -0.133566887130400E-16, -0.124662360009779E-15, -0.131416343349726E-17,  0.134748091203581E-17, -0.432122109838324E-16, -0.282777268154424E-16
       4,      10, -0.289183842527613E-28,  0.253329048595648E-28,  0.226589758795207E-24,  0.661915740212913E-24, -0.926545490587017E-17, -0.864775806362813E-16,  0.149907672934157E-15, -0.653471642375129E-16,  0.432131923620370E-16,  0.129515894695048E-17
       4,      12,  0.799217665336122E-28,  0.674465438814763E-28,  0.485945868959838E-26, -0.970658207053341E-24,  0.413051822417108E-17,  0.385515487921819E-16,  0.393108268619083E-18,  0.563773474156169E-16, -0.849304417421029E-16,  0.887138609626818E-16
       5,     -12,  0.301271120045690E-28,  0.151451020252311E-28,  0.427233276285543E-26, -0.103398763259896E-24,  0.166524858600358E-24,  0.160460189429916E-18,  0.165805467047379E-17, -0.152737590555028E-15,  0.124442418191067E-15,  0.662426930907047E-16
       5,     -10, -0.356960931679954E-30,  0.133525020607539E-29, -0.234355396271934E-24, -0.108878816140012E-23, -0.212004858791880E-23, -0.157971842044674E-16, -0.163237561187930E-15,  0.710800676816697E-16,  0.144428345748041E-16, -0.528268762721355E-16
       5,      -8, -0.162479731386490E-28,  0.622710144708173E-29, -0.146997489042936E-24, -0.685277063346656E-24, -0.740981847421852E-25,  0.125376400238343E-18,  0.129549161037988E-17,  0.107032886857885E-16,  0.217145181958003E-15, -0.176693198332471E-15
       5,      -6,  0.576486934148293E-28, -0.119889890488376E-29,  0.371868076173642E-24,  0.225057787058895E-23,  0.733522670707621E-23, -0.567183286673356E-17, -0.586090608466374E-16, -0.369663484012541E-16, -0.593085745194878E-16,  0.143808083420741E-15
       5,      -4,  0.154590534688980E-28, -0.232913540108476E-28,  0.507796319521738E-24,  0.276582413747640E-23,  0.741179368279287E-23,  0.453834747938752E-17,  0.468961696342553E-16, -0.118210158934310E-15,  0.982487475544686E-16, -0.468563094910492E-16
       5,      -2, -0.278340990478362E-28,  0.420159873099880E-29,  0.479341705932932E-25, -0.335448092200283E-24, -0.390846216429613E-23,  0.443533517558276E-17,  0.458319148822722E-16, -0.118833110069252E-15,  0.259614319786984E-15, -0.955448409982979E-17
       5,       0, -0.754370407763504E-29, -0.244479095842027E-28,  0.322069368995667E-24,  0.218569941878481E-23,  0.412932331011256E-23, -0.116968840873207E-16, -0.120867732720075E-15, -0.112623571592418E-15, -0.538985536891168E-16,  0.704521865930809E-16
       5,       2,  0.123927788214539E-28,  0.210180999832633E-28,  0.271464927480572E-24,  0.155304873850776E-23,  0.394887322730363E-23, -0.153105249366383E-16, -0.158208787624724E-15,  0.232722740914412E-19,  0.210402739229787E-15, -0.181916424820424E-15
       5,       4, -0.508089705089238E-29,  0.213656664013058E-28, -0.210437863295044E-24, -0.144569749552234E-23, -0.463167208688511E-23,  0.123040646737455E-16,  0.127142059588204E-15, -0.139789377852455E-15,  0.452822636470195E-16, -0.832917372306105E-16
       5,       6, -0.288447911519329E-28, -0.955431178548855E-29, -0.156211179850407E-24, -0.993340779064889E-24, -0.268145147637724E-23, -0.631081247208786E-17, -0.652117105166598E-16, -0.477383320784095E-16,  0.490661300827893E-16,  0.435052169999416E-17
       5,       8, -0.120185517685224E-28,  0.131522024570649E-29, -0.689931717682312E-25, -0.292162066263267E-24,  0.138228581840018E-23,  0.558911724458485E-17,  0.577541090530171E-16, -0.573647137651563E-16,  0.109704835419135E-15, -0.108606617123490E-15
       5,      10,  0.847054203415663E-29,  0.140183504198868E-28,  0.869321276593400E-25,  0.412041833977974E-24,  0.135623281593397E-23,  0.540793715759076E-17,  0.558819841388192E-16, -0.743800682297785E-16,  0.670402033739592E-16, -0.314853982323971E-16
       5,      12, -0.397978038927327E-29, -0.999054426125517E-29, -0.173593496769767E-24, -0.106463571038277E-23, -0.360567466575711E-23,  0.966627941601276E-17,  0.998849509037189E-16, -0.136080194472046E-15,  0.194807355639365E-15, -0.587398314168127E-16
       6,     -12,  0.189207150454860E-40, -0.406972789094215E-40, -0.399188443429097E-24, -0.119068675618415E-23,  0.138794959562308E-23, -0.739125304369548E-23, -0.339040730539094E-16,  0.164094141038433E-15, -0.180212944414650E-15,  0.392188743974457E-16
       6,     -10, -0.956589700801597E-40, -0.401732149126956E-40, -0.104608237672979E-23, -0.438179065831165E-23, -0.687592147858731E-23, -0.127051808982836E-22,  0.968637399838678E-16, -0.267283952882709E-15,  0.238174269490806E-15, -0.108304900940842E-15
       6,      -8, -0.328867417796834E-40,  0.271333037245945E-40, -0.570602379764175E-24, -0.325910179149956E-23, -0.109921141691780E-22, -0.105680684085216E-22, -0.115199697453608E-15, -0.580577627570859E-16,  0.129356665344245E-15, -0.950611088517567E-16
       6,      -6, -0.239690347001892E-41, -0.455598207505017E-40, -0.147141450525666E-24,  0.697834639834919E-24,  0.998429643018504E-23,  0.737973896390761E-22, -0.178550406742436E-15,  0.282894781495422E-15, -0.112133949458419E-15, -0.996825787035159E-16
       6,      -4, -0.110918973427198E-39, -0.133206290649105E-39, -0.866998514243279E-24, -0.267689393915046E-23,  0.225750841063880E-23, -0.532426145619910E-23, -0.122089068128935E-15,  0.972700741979914E-16, -0.595240940854912E-16,  0.177430844728878E-15
       6,      -2, -0.419954858434181E-40, -0.103393182310264E-39,  0.627842627886822E-24,  0.378532116769372E-23,  0.137554686073201E-22,  0.648569690469062E-22,  0.735175413903794E-16, -0.103461703695215E-15,  0.132279658703211E-15, -0.547313367724974E-16
       6,       0,  0.174711198857821E-40, -0.699676037418653E-40,  0.897164720928834E-24,  0.534537613464141E-23,  0.191251340290288E-22,  0.659644120009717E-22,  0.259645982798313E-15, -0.119897764480636E-15, -0.258473890440128E-16,  0.124265324332373E-15
       6,       2, -0.904742256743183E-40, -0.522354514793285E-40, -0.328881665843390E-24, -0.937383238474303E-24,  0.150678687827706E-23,  0.131130088090478E-22,  0.954250399025097E-16, -0.185615560362711E-16,  0.895607830111363E-16,  0.104917299460326E-16
       6,       4, -0.588575271583437E-40, -0.814356355814286E-41,  0.236584977849627E-24,  0.138316407220065E-23,  0.482312622926615E-23, -0.223541610978880E-23,  0.578078168642851E-18, -0.499528726356475E-16, -0.553935320228944E-16,  0.951975485605266E-17
       6,       6,  0.106158292757386E-39,  0.588473176850613E-41,  0.107142343674692E-23,  0.508535184906667E-23,  0.120209347010604E-22,  0.156530369170860E-22, -0.246054182953071E-16,  0.150760173887773E-15, -0.139025194218082E-15,  0.767463350714229E-16
       6,       8, -0.394123429275574E-40,  0.202274919998644E-40, -0.891820917827760E-24, -0.414720494626000E-23, -0.929178188037981E-23, -0.971530942920528E-23, -0.586796503129678E-17, -0.793667175481832E-16,  0.105972876183194E-15, -0.103258077054127E-15
       6,      10, -0.436930996607937E-40, -0.257403740875364E-40,  0.675992707768268E-25,  0.806296925779241E-24,  0.480382837615038E-23,  0.514539997494640E-23,  0.551516506781493E-16, -0.719992626441603E-16,  0.935912851905192E-16, -0.351962909544837E-16
       6,      12,  0.430819730240280E-40,  0.197534034157924E-40,  0.285838350379083E-24,  0.159956464467538E-23,  0.523095211155391E-23,  0.173505187679551E-22, -0.318673790179874E-17, -0.111669799251491E-15, -0.178372635957511E-16,  0.122828351018038E-16
## at X1_base IP point positions (size nBase): spos,phi,chi,iota,pressure  ################################
  0.000000000000000E+00,  0.000000000000000E+00,  0.000000000000000E+00, -0.900000000000000E+00,  0.150000000000000E+04
  0.416666666666667E-01, -0.414465997635144E-03,  0.372983400462387E-03, -0.899826388888889E+00,  0.149973596643519E+04
  0.125000000000000E+00, -0.373019397871630E-02,  0.335426018323782E-02, -0.898437500000000E+00,  0.149736328125000E+04
  0.250000000000000E+00, -0.149207759148652E-01,  0.133820701585386E-01, -0.893750000000000E+00,  0.148593750000000E+04
  0.416666666666667E+00, -0.414465997635144E-01,  0.369421582161964E-01, -0.882638888888889E+00,  0.143778935185185E+04
  0.583333333333333E+00, -0.812353355364882E-01,  0.717296689715142E-01, -0.865972222222222E+00,  0.131001157407407E+04
  0.750000000000000E+00, -0.134286983233787E+00,  0.117081456810478E+00, -0.843750000000000E+00,  0.103593750000000E+04
  0.875000000000000E+00, -0.182779504957099E+00,  0.157504517419128E+00, -0.823437500000000E+00,  0.681738281250000E+03
  0.958333333333333E+00, -0.219252512748991E+00,  0.187259144712327E+00, -0.808159722222222E+00,  0.350083188657408E+03
  0.100000000000000E+01, -0.238732414637843E+00,  0.202922540529383E+00, -0.800000000000000E+00,  0.150000000000000E+03
## a_minor,r_major,volume  ################################################################################
  0.953939201416946E+00,  0.400000000000000E+01,  0.718507200399305E+02
