0.0000000000000000e+00 2.0942518803246787e-06 0.0000000000000000e+00 -6.4821842329809698e-05 0.0000000000000000e+00
2.5831455986275823e-07 1.8396052245323607e-06 0.0000000000000000e+00 -6.4825510232680017e-05 4.7999999999999998e-01
9.4979202898852068e-07 1.2026619683287954e-06 0.0000000000000000e+00 -6.4880044445381202e-05 9.5999999999999996e-01
1.7643841848048230e-06 5.4582772187967326e-07 0.0000000000000000e+00 -6.5037802354783736e-05 1.4399999999999999e+00
2.3716137696936138e-06 1.9817535621535586e-07 0.0000000000000000e+00 -6.5297379573836523e-05 1.9199999999999999e+00
2.4204931687332355e-06 3.8257173988784736e-07 0.0000000000000000e+00 -6.5530655356971224e-05 2.3999999999999999e+00
2.0057605331762602e-06 1.0249144994593857e-06 0.0000000000000000e+00 -6.5758265480608813e-05 2.8799999999999999e+00
1.7742174762119443e-06 1.6919868661893742e-06 0.0000000000000000e+00 -6.6193794790336824e-05 3.3599999999999999e+00
8.9859004699540364e-07 2.7791034123830608e-06 0.0000000000000000e+00 -6.6405283907222667e-05 3.8399999999999999e+00
1.1299262689868499e-06 2.7448033446916386e-06 0.0000000000000000e+00 -6.6602320061948106e-05 4.3200000000000003e+00
1.5657520089253332e-06 2.7423435560298901e-06 0.0000000000000000e+00 -6.7035686012406615e-05 4.7999999999999998e+00
2.4233618890107663e-06 2.0016478416724991e-06 0.0000000000000000e+00 -6.7152600178088662e-05 5.2799999999999994e+00
3.0820645069716335e-06 1.5473221408550948e-06 0.0000000000000000e+00 -6.7356977095034409e-05 5.7599999999999998e+00
3.4329115249588617e-06 1.3749459404909229e-06 0.0000000000000000e+00 -6.7535447912936419e-05 6.2400000000000002e+00
3.5037951633121479e-06 1.6239175123431159e-06 0.0000000000000000e+00 -6.7855303123254274e-05 6.7199999999999998e+00
2.5913516412527806e-06 2.7841490507397202e-06 0.0000000000000000e+00 -6.8103091139581906e-05 7.1999999999999993e+00
2.6787654546426684e-06 3.1662154639664808e-06 0.0000000000000000e+00 -6.8572571366054547e-05 7.6799999999999997e+00
1.8329220551189166e-06 4.3720704807811640e-06 0.0000000000000000e+00 -6.8932582983016744e-05 8.1600000000000001e+00
2.8290425516101121e-06 3.8642453880212310e-06 0.0000000000000000e+00 -6.9420878386461382e-05 8.6400000000000006e+00
3.1503752426534712e-06 3.7453164107534650e-06 0.0000000000000000e+00 -6.9623282100472750e-05 9.1199999999999992e+00
4.1347471476491631e-06 3.1033076645355940e-06 0.0000000000000000e+00 -6.9965645259184583e-05 9.5999999999999996e+00
4.7998821901794003e-06 2.6931750017284405e-06 0.0000000000000000e+00 -7.0220647639063216e-05 1.0080000000000000e+01
4.4478637872995323e-06 3.1830033870082208e-06 0.0000000000000000e+00 -7.0358457621599868e-05 1.0559999999999999e+01
4.5259521814857103e-06 3.1563040135562917e-06 0.0000000000000000e+00 -7.0409846641972251e-05 1.1039999999999999e+01
3.5155696103448004e-06 4.4294824394752694e-06 0.0000000000000000e+00 -7.0672642496827365e-05 1.1520000000000000e+01
3.6894725095055763e-06 4.5520434757296613e-06 0.0000000000000000e+00 -7.0969106432006157e-05 1.2000000000000000e+01
3.7882795202625646e-06 4.7089970459822951e-06 0.0000000000000000e+00 -7.1224867012720239e-05 1.2480000000000000e+01
4.5052940458713091e-06 4.4914545634484732e-06 0.0000000000000000e+00 -7.1724339055778685e-05 1.2959999999999999e+01
4.8880488897668734e-06 4.3640141029470673e-06 0.0000000000000000e+00 -7.1979653439635527e-05 1.3440000000000000e+01
6.1624058698221188e-06 3.9223630495467369e-06 0.0000000000000000e+00 -7.2812359366292156e-05 1.3920000000000000e+01
5.7896367210760137e-06 4.9159323594065512e-06 0.0000000000000000e+00 -7.3433159527347414e-05 1.4399999999999999e+01
5.4600559282945191e-06 5.5813804428563050e-06 0.0000000000000000e+00 -7.3769026817771532e-05 1.4879999999999999e+01
5.0443829742308646e-06 6.1215205830632416e-06 0.0000000000000000e+00 -7.3893494004106941e-05 1.5359999999999999e+01
4.9475852255968312e-06 6.5375498120075000e-06 0.0000000000000000e+00 -7.4212725484468223e-05 1.5840000000000000e+01
5.9944122576044737e-06 5.9330946800244633e-06 0.0000000000000000e+00 -7.4655097383802271e-05 1.6320000000000000e+01
6.6255159465601831e-06 5.8845385083300469e-06 0.0000000000000000e+00 -7.5237644901360312e-05 1.6800000000000001e+01
7.2228569497837743e-06 6.1305214800940749e-06 0.0000000000000000e+00 -7.6080968876235389e-05 1.7280000000000001e+01
8.4737742106220241e-06 5.5790987408685897e-06 0.0000000000000000e+00 -7.6780463397874144e-05 1.7759999999999998e+01
7.7719448570210035e-06 6.8934479918349636e-06 0.0000000000000000e+00 -7.7392983294899409e-05 1.8239999999999998e+01
6.7373406389327994e-06 7.9775583028541144e-06 0.0000000000000000e+00 -7.7442489388346303e-05 1.8719999999999999e+01
6.3444169101024295e-06 8.6329432893117020e-06 0.0000000000000000e+00 -7.7704950645518522e-05 1.9199999999999999e+01
6.8630382340267541e-06 8.4396721331272026e-06 0.0000000000000000e+00 -7.8030300812992337e-05 1.9680000000000000e+01
8.0172365823589412e-06 8.3380744756913276e-06 0.0000000000000000e+00 -7.9082901503824132e-05 2.0160000000000000e+01
9.4787340489334721e-06 8.3322665005907816e-06 0.0000000000000000e+00 -8.0538590995882231e-05 2.0640000000000001e+01
1.1482467597046474e-05 7.6088933855303597e-06 0.0000000000000000e+00 -8.1818951429113440e-05 2.1119999999999997e+01
1.2148873661735245e-05 8.3464569812041707e-06 0.0000000000000000e+00 -8.3222921088976776e-05 2.1599999999999998e+01
1.1480223315195419e-05 9.7788651919399357e-06 0.0000000000000000e+00 -8.3986678953706928e-05 2.2079999999999998e+01
1.0524845475355206e-05 1.1499556250363780e-05 0.0000000000000000e+00 -8.4751992171616664e-05 2.2559999999999999e+01
9.8726306054138172e-06 1.3079341509312913e-05 0.0000000000000000e+00 -8.5679562560336819e-05 2.3039999999999999e+01
1.0076770803806831e-05 1.3830697816989371e-05 0.0000000000000000e+00 -8.6635059066475506e-05 2.3520000000000000e+01
1.0955192123228719e-05 1.4150285318570147e-05 0.0000000000000000e+00 -8.7833067887288507e-05 2.4000000000000000e+01
1.4148120949935764e-05 1.2182688972156591e-05 0.0000000000000000e+00 -8.9058400368546842e-05 2.4480000000000000e+01
1.6443937781911545e-05 1.1437728937193254e-05 0.0000000000000000e+00 -9.0609257165086277e-05 2.4960000000000001e+01
1.7584997764725987e-05 1.1843651835009680e-05 0.0000000000000000e+00 -9.2156240045548898e-05 2.5439999999999998e+01
1.8187752442313393e-05 1.2992159465971097e-05 0.0000000000000000e+00 -9.3907502353829386e-05 2.5919999999999998e+01
1.6801178035725350e-05 1.6057171224595462e-05 0.0000000000000000e+00 -9.5585939705822298e-05 2.6399999999999999e+01
1.4670052066022482e-05 1.9325837279375402e-05 0.0000000000000000e+00 -9.6723479791060996e-05 2.6879999999999999e+01
1.4930231309123549e-05 2.0780992852510914e-05 0.0000000000000000e+00 -9.8438814607471059e-05 2.7359999999999999e+01
1.6499960171348489e-05 2.0972417483241809e-05 0.0000000000000000e+00 -1.0019996810028964e-04 2.7840000000000000e+01
1.9591300040629677e-05 2.0282839177676458e-05 0.0000000000000000e+00 -1.0260172966392034e-04 2.8320000000000000e+01
2.4649135342644333e-05 1.8003323957965892e-05 0.0000000000000000e+00 -1.0538004974636195e-04 2.8799999999999997e+01
2.6412115046729431e-05 1.9345418536611156e-05 0.0000000000000000e+00 -1.0848512402872323e-04 2.9279999999999998e+01
2.8665206332856421e-05 1.9776249724837378e-05 0.0000000000000000e+00 -1.1116904650299020e-04 2.9759999999999998e+01
2.6902710989873795e-05 2.4038804987534356e-05 0.0000000000000000e+00 -1.1366910642274242e-04 3.0239999999999998e+01
2.4749427217610941e-05 2.8772493480207545e-05 0.0000000000000000e+00 -1.1624951114286297e-04 3.0719999999999999e+01
2.4676803715197425e-05 3.1667498590286089e-05 0.0000000000000000e+00 -1.1907189275017771e-04 3.1199999999999999e+01
2.6492128961349103e-05 3.2951525610717226e-05 0.0000000000000000e+00 -1.2217124501723298e-04 3.1680000000000000e+01
3.0184296110255972e-05 3.3060883789681004e-05 0.0000000000000000e+00 -1.2597277034553933e-04 3.2159999999999997e+01
3.5806315113488284e-05 3.1939110170221951e-05 0.0000000000000000e+00 -1.3047301572921555e-04 3.2640000000000001e+01
4.2069874953050726e-05 3.0172995811110968e-05 0.0000000000000000e+00 -1.3497046120902745e-04 3.3119999999999997e+01
4.2924226506751294e-05 3.3569986743584916e-05 0.0000000000000000e+00 -1.3922180369529968e-04 3.3600000000000001e+01
4.4883790118459846e-05 3.6502223984093172e-05 0.0000000000000000e+00 -1.4411360454769095e-04 3.4079999999999998e+01
4.2354400202170524e-05 4.3892073900097405e-05 0.0000000000000000e+00 -1.4897406454661422e-04 3.4560000000000002e+01
4.1716829367041425e-05 4.9319695595638591e-05 0.0000000000000000e+00 -1.5376411540768409e-04 3.5039999999999999e+01
4.3973511160089808e-05 5.2270960731354137e-05 0.0000000000000000e+00 -1.5897206233628225e-04 3.5519999999999996e+01
4.8751930704015763e-05 5.4132239843330014e-05 0.0000000000000000e+00 -1.6561176099227914e-04 3.6000000000000000e+01
5.7116713607529757e-05 5.3392174695894137e-05 0.0000000000000000e+00 -1.7323647874856185e-04 3.6479999999999997e+01
6.5194921187562956e-05 5.3006571320705887e-05 0.0000000000000000e+00 -1.8092908295308519e-04 3.6960000000000001e+01
6.9658647087776025e-05 5.6059740070715044e-05 0.0000000000000000e+00 -1.8844597760336868e-04 3.7439999999999998e+01
7.1034612791417366e-05 6.2809451393561094e-05 0.0000000000000000e+00 -1.9657165463016213e-04 3.7920000000000002e+01
7.2433448275696961e-05 6.9555337903035529e-05 0.0000000000000000e+00 -2.0471637662389242e-04 3.8399999999999999e+01
7.2218143631381181e-05 7.8574691570278268e-05 0.0000000000000000e+00 -2.1352042564637408e-04 3.8879999999999995e+01
7.5306915907716776e-05 8.5448971736965998e-05 0.0000000000000000e+00 -2.2348347808964775e-04 3.9359999999999999e+01
8.3316667907508218e-05 8.8526547338757555e-05 0.0000000000000000e+00 -2.3457080569122546e-04 3.9839999999999996e+01
9.4119729986903293e-05 9.0338463944120292e-05 0.0000000000000000e+00 -2.4718578437554761e-04 4.0320000000000000e+01
1.0619267060092234e-04 9.1884177778563832e-05 0.0000000000000000e+00 -2.6080443882370297e-04 4.0799999999999997e+01
1.1571815943916178e-04 9.6750950601919657e-05 0.0000000000000000e+00 -2.7519670048570255e-04 4.1280000000000001e+01
1.1975036381779532e-04 1.0713479045405315e-04 0.0000000000000000e+00 -2.8961274471628329e-04 4.1759999999999998e+01
1.2383583772888678e-04 1.1786391191745348e-04 0.0000000000000000e+00 -3.0442734009072936e-04 4.2239999999999995e+01
1.2594310621327558e-04 1.3197737434080803e-04 0.0000000000000000e+00 -3.2064807099851933e-04 4.2719999999999999e+01
1.3183878829277666e-04 1.4350539823529006e-04 0.0000000000000000e+00 -3.3807177697187107e-04 4.3199999999999996e+01
1.4676928338038517e-04 1.4886185541728022e-04 0.0000000000000000e+00 -3.5835872924150358e-04 4.3680000000000000e+01
1.5962211401764531e-04 1.5774529495608247e-04 0.0000000000000000e+00 -3.8009499941771274e-04 4.4159999999999997e+01
1.8101991704981039e-04 1.6008371699899055e-04 0.0000000000000000e+00 -4.0383122449294540e-04 4.4640000000000001e+01
1.9514608100462688e-04 1.7035981057736814e-04 0.0000000000000000e+00 -4.2823348202580824e-04 4.5119999999999997e+01
2.0430224421134343e-04 1.8644383932799098e-04 0.0000000000000000e+00 -4.5347367398362870e-04 4.5600000000000001e+01
2.1236821352325599e-04 2.0457722845960275e-04 0.0000000000000000e+00 -4.7967303242701931e-04 4.6079999999999998e+01
2.2053845241936851e-04 2.2435648410856882e-04 0.0000000000000000e+00 -5.0762252697178489e-04 4.6559999999999995e+01
2.3217123567067699e-04 2.4328161950755474e-04 0.0000000000000000e+00 -5.3818044562237155e-04 4.7039999999999999e+01
2.5199951101109405e-04 2.5767282847362127e-04 0.0000000000000000e+00 -5.7239992992830224e-04 4.7519999999999996e+01
2.7826877200127641e-04 2.6929001782353458e-04 0.0000000000000000e+00 -6.1028638026883186e-04 4.8000000000000000e+01
3.0776940309384460e-04 2.8053504131573680e-04 0.0000000000000000e+00 -6.5103203485317174e-04 4.8479999999999997e+01
3.3342878983975630e-04 2.9780746649113877e-04 0.0000000000000000e+00 -6.9396384677511413e-04 4.8960000000000001e+01
3.5226990084329167e-04 3.2380240131959549e-04 0.0000000000000000e+00 -7.3879989260694501e-04 4.9439999999999998e+01
3.6970997095742489e-04 3.5305679866036465e-04 0.0000000000000000e+00 -7.8549436006114526e-04 4.9920000000000002e+01
3.8514388080486124e-04 3.8702830421854639e-04 0.0000000000000000e+00 -8.3489977546657990e-04 5.0399999999999999e+01
4.0626655525216875e-04 4.1977446814111012e-04 0.0000000000000000e+00 -8.8876861383657690e-04 5.0879999999999995e+01
4.3972230804836083e-04 4.4615315572726883e-04 0.0000000000000000e+00 -9.4860305421917701e-04 5.1359999999999999e+01
4.8490833536772051e-04 4.6759449384237514e-04 0.0000000000000000e+00 -1.0152304196537898e-03 5.1839999999999996e+01
5.2541564164112619e-04 4.9636375617888155e-04 0.0000000000000000e+00 -1.0845069882634562e-03 5.2320000000000000e+01
5.7496360179664383e-04 5.2110140734757478e-04 0.0000000000000000e+00 -1.1587925995877324e-03 5.2799999999999997e+01
6.0915229188229650e-04 5.6385485495839783e-04 0.0000000000000000e+00 -1.2357347372837779e-03 5.3280000000000001e+01
6.3900106978133646e-04 6.1462307916642224e-04 0.0000000000000000e+00 -1.3163517393912638e-03 5.3759999999999998e+01
6.7274533102825676e-04 6.6686872979819034e-04 0.0000000000000000e+00 -1.4023416512700670e-03 5.4239999999999995e+01
7.0799740104462018e-04 7.2313471054027013e-04 0.0000000000000000e+00 -1.4938597020279776e-03 5.4719999999999999e+01
7.6095806644102125e-04 7.6985599491758653e-04 0.0000000000000000e+00 -1.5935416518015888e-03 5.5199999999999996e+01
8.2735027196129867e-04 8.1111300938186879e-04 0.0000000000000000e+00 -1.7011908717861068e-03 5.5680000000000000e+01
8.9774139966172328e-04 8.5687893868089640e-04 0.0000000000000000e+00 -1.8173479287859617e-03 5.6159999999999997e+01
9.7336383951464453e-04 9.0486657100703554e-04 0.0000000000000000e+00 -1.9409580009648320e-03 5.6640000000000001e+01
1.0398280616525650e-03 9.6772044629418014e-04 0.0000000000000000e+00 -2.0702760983897228e-03 5.7119999999999997e+01
1.0907993919133489e-03 1.0526251039431507e-03 0.0000000000000000e+00 -2.2061520862992623e-03 5.7599999999999994e+01
1.1492965306924164e-03 1.1366109420195727e-03 0.0000000000000000e+00 -2.3486350631549691e-03 5.8079999999999998e+01
1.2143095455868656e-03 1.2241431355418208e-03 0.0000000000000000e+00 -2.5011802715715348e-03 5.8559999999999995e+01
1.2911605720720728e-03 1.3107689284719301e-03 0.0000000000000000e+00 -2.6646570909865108e-03 5.9039999999999999e+01
1.3961599015592935e-03 1.3817026142829395e-03 0.0000000000000000e+00 -2.8405901062853456e-03 5.9519999999999996e+01
1.5068722948519179e-03 1.4587608921439808e-03 0.0000000000000000e+00 -3.0283607774383992e-03 6.0000000000000000e+01
1.6217224968167313e-03 1.5417521441359622e-03 0.0000000000000000e+00 -3.2262022313958028e-03 6.0479999999999997e+01
1.7309934278141197e-03 1.6400556860473178e-03 0.0000000000000000e+00 -3.4337767043042255e-03 6.0960000000000001e+01
1.8231089334106916e-03 1.7648232917075639e-03 0.0000000000000000e+00 -3.6506598155610082e-03 6.1439999999999998e+01
1.9168559076487770e-03 1.8982575646755177e-03 0.0000000000000000e+00 -3.8778410627666737e-03 6.1919999999999995e+01
2.0197262534376618e-03 2.0350076293854965e-03 0.0000000000000000e+00 -4.1174614732657489e-03 6.2399999999999999e+01
2.1396122447618045e-03 2.1697200042800893e-03 0.0000000000000000e+00 -4.3720598394849652e-03 6.2879999999999995e+01
2.2862720497639575e-03 2.2935800981917342e-03 0.0000000000000000e+00 -4.6425797383979894e-03 6.3359999999999999e+01
2.4549438658554483e-03 2.4109825484426722e-03 0.0000000000000000e+00 -4.9286540047406291e-03 6.3839999999999996e+01
2.6210643005003193e-03 2.5446180771779951e-03 0.0000000000000000e+00 -5.2284099681212393e-03 6.4319999999999993e+01
2.7833254809766176e-03 2.6928872608335290e-03 0.0000000000000000e+00 -5.5389403322527730e-03 6.4799999999999997e+01
2.9325589276922286e-03 2.8657142318706382e-03 0.0000000000000000e+00 -5.8610007500055072e-03 6.5280000000000001e+01
3.0670482959608090e-03 3.0652792826658007e-03 0.0000000000000000e+00 -6.1950551690688194e-03 6.5759999999999991e+01
3.2175482192854004e-03 3.2624716509925063e-03 0.0000000000000000e+00 -6.5427474607202551e-03 6.6239999999999995e+01
3.3854030170994351e-03 3.4585429941210418e-03 0.0000000000000000e+00 -6.9066736016625274e-03 6.6719999999999999e+01
3.5841404144123373e-03 3.6418397514667799e-03 0.0000000000000000e+00 -7.2887077563217328e-03 6.7200000000000003e+01
3.8070012127945519e-03 3.8171047509703931e-03 0.0000000000000000e+00 -7.6868335542075172e-03 6.7679999999999993e+01
4.0364469960588768e-03 3.9999447878588329e-03 0.0000000000000000e+00 -8.0991193743595868e-03 6.8159999999999997e+01
4.2515856112814304e-03 4.2072388819005494e-03 0.0000000000000000e+00 -8.5215520836241510e-03 6.8640000000000001e+01
4.4542458811280428e-03 4.4357490088522246e-03 0.0000000000000000e+00 -8.9527224804228922e-03 6.9120000000000005e+01
4.6347482928164934e-03 4.6946173858746793e-03 0.0000000000000000e+00 -9.3920932691333725e-03 6.9599999999999994e+01
4.8211289627613967e-03 4.9580450531154559e-03 0.0000000000000000e+00 -9.8419016063189257e-03 7.0079999999999998e+01
5.0316750501090447e-03 5.2097722969284017e-03 0.0000000000000000e+00 -1.0304174937479260e-02 7.0560000000000002e+01
5.2672522477398929e-03 5.4489166961381279e-03 0.0000000000000000e+00 -1.0778896534320070e-02 7.1039999999999992e+01
5.5263664589892975e-03 5.6743812670125614e-03 0.0000000000000000e+00 -1.1263475316443783e-02 7.1519999999999996e+01
5.7967317709938775e-03 5.8937872457970764e-03 0.0000000000000000e+00 -1.1753246607232759e-02 7.2000000000000000e+01
6.0444950202011190e-03 6.1375726863984997e-03 0.0000000000000000e+00 -1.2244795297041700e-02 7.2480000000000004e+01
6.2687906582697354e-03 6.4027339877913547e-03 0.0000000000000000e+00 -1.2734252236503041e-02 7.2959999999999994e+01
6.4673431412643990e-03 6.6908785537146409e-03 0.0000000000000000e+00 -1.3220949285420502e-02 7.3439999999999998e+01
6.6539380646069551e-03 6.9879479774551086e-03 0.0000000000000000e+00 -1.3704613632503193e-02 7.3920000000000002e+01
6.8618848622627000e-03 7.2618684764117081e-03 0.0000000000000000e+00 -1.4186480929115897e-02 7.4399999999999991e+01
7.0847215715920736e-03 7.5180876990795231e-03 0.0000000000000000e+00 -1.4665536861113271e-02 7.4879999999999995e+01
7.3334226290209317e-03 7.7412840163078624e-03 0.0000000000000000e+00 -1.5137434235770186e-02 7.5359999999999999e+01
7.5796241360169703e-03 7.9559027560086835e-03 0.0000000000000000e+00 -1.5598254482467100e-02 7.5840000000000003e+01
7.8051089712674101e-03 8.1739094513022647e-03 0.0000000000000000e+00 -1.6041746013011116e-02 7.6319999999999993e+01
7.9831108063751904e-03 8.4169993645745629e-03 0.0000000000000000e+00 -1.6462837761391125e-02 7.6799999999999997e+01
8.1359524994197036e-03 8.6617134449815027e-03 0.0000000000000000e+00 -1.6860393534842588e-02 7.7280000000000001e+01
8.2521207606278280e-03 8.9185956900317640e-03 0.0000000000000000e+00 -1.7233444041101054e-02 7.7759999999999991e+01
8.3750927788651640e-03 9.1437572230644963e-03 0.0000000000000000e+00 -1.7581577592370889e-02 7.8239999999999995e+01
8.5119316008299278e-03 9.3291130869685782e-03 0.0000000000000000e+00 -1.7903772278240027e-02 7.8719999999999999e+01
8.6544128236067733e-03 9.4798528010345447e-03 0.0000000000000000e+00 -1.8196993215082946e-02 7.9200000000000003e+01
8.7992023696888272e-03 9.5932246004107047e-03 0.0000000000000000e+00 -1.8455154560540699e-02 7.9679999999999993e+01
8.9064328568253942e-03 9.7036212783160932e-03 0.0000000000000000e+00 -1.8672781725582954e-02 8.0159999999999997e+01
8.9674878642112231e-03 9.8164531039789706e-03 0.0000000000000000e+00 -1.8846668558631263e-02 8.0640000000000001e+01
8.9763526414926159e-03 9.9358798284277551e-03 0.0000000000000000e+00 -1.8974960060361701e-02 8.1119999999999990e+01
8.9479069469311327e-03 1.0046847001417596e-02 0.0000000000000000e+00 -1.9057481538789833e-02 8.1599999999999994e+01
8.9048963561079823e-03 1.0127763016828004e-02 0.0000000000000000e+00 -1.9095386963376759e-02 8.2079999999999998e+01
8.8661251232512728e-03 1.0159133207183516e-02 0.0000000000000000e+00 -1.9087985920875905e-02 8.2560000000000002e+01
8.8340870745532950e-03 1.0136859679074123e-02 0.0000000000000000e+00 -1.9033674344067331e-02 8.3039999999999992e+01
8.7886953191140607e-03 1.0077418019195775e-02 0.0000000000000000e+00 -1.8928840928750690e-02 8.3519999999999996e+01
8.7179838886661913e-03 9.9887519198787640e-03 0.0000000000000000e+00 -1.8769463398985664e-02 8.4000000000000000e+01
8.5946618235048042e-03 9.8985981811232845e-03 0.0000000000000000e+00 -1.8555987595068713e-02 8.4479999999999990e+01
8.4127447581622272e-03 9.8131497991579830e-03 0.0000000000000000e+00 -1.8288622147760725e-02 8.4959999999999994e+01
8.1968951858107774e-03 9.7098271752849748e-03 0.0000000000000000e+00 -1.7969449951536376e-02 8.5439999999999998e+01
7.9515314927772369e-03 9.5882754144427165e-03 0.0000000000000000e+00 -1.7602534497661138e-02 8.5920000000000002e+01
7.7114720347010723e-03 9.4157959559870753e-03 0.0000000000000000e+00 -1.7189995581128548e-02 8.6399999999999991e+01
7.4811849176205664e-03 9.1904198851284341e-03 0.0000000000000000e+00 -1.6734332393189444e-02 8.6879999999999995e+01
7.2428236708787924e-03 8.9285629140357162e-03 0.0000000000000000e+00 -1.6234114175355252e-02 8.7359999999999999e+01
6.9947753794553985e-03 8.6330121475179343e-03 0.0000000000000000e+00 -1.5690515117414039e-02 8.7840000000000003e+01
6.7055062740137682e-03 8.3373843368815051e-03 0.0000000000000000e+00 -1.5105618201335158e-02 8.8319999999999993e+01
6.3748641585506735e-03 8.0477250093750913e-03 0.0000000000000000e+00 -1.4485316758366062e-02 8.8799999999999997e+01
6.0117720172415436e-03 7.7604578056890321e-03 0.0000000000000000e+00 -1.3834957413370264e-02 8.9280000000000001e+01
5.6360334284837783e-03 7.4625326328077099e-03 0.0000000000000000e+00 -1.3161293651732242e-02 8.9759999999999991e+01
5.2676577262955881e-03 7.1390479679405037e-03 0.0000000000000000e+00 -1.2469433284676423e-02 9.0239999999999995e+01
4.9162741925489811e-03 6.7840963514402266e-03 0.0000000000000000e+00 -1.1763098134429217e-02 9.0719999999999999e+01
4.5795016116172409e-03 6.4037139083614504e-03 0.0000000000000000e+00 -1.1045943110418843e-02 9.1200000000000003e+01
4.2478783757496207e-03 6.0094964112708251e-03 0.0000000000000000e+00 -1.0320102377460172e-02 9.1679999999999993e+01
3.9124362467542152e-03 5.6175577125523396e-03 0.0000000000000000e+00 -9.5927215497468854e-03 9.2159999999999997e+01
3.5612694059293784e-03 5.2485422182487109e-03 0.0000000000000000e+00 -8.8725392146173920e-03 9.2640000000000001e+01
3.2020292182848285e-03 4.9035738372784909e-03 0.0000000000000000e+00 -8.1683306460034188e-03 9.3119999999999990e+01
2.8551278244602629e-03 4.5685146688488731e-03 0.0000000000000000e+00 -7.4863700837490832e-03 9.3599999999999994e+01
2.5184259553287193e-03 4.2536639664469246e-03 0.0000000000000000e+00 -6.8348175122152632e-03 9.4079999999999998e+01
2.2199135427614773e-03 3.9341997823173474e-03 0.0000000000000000e+00 -6.2168409155185511e-03 9.4560000000000002e+01
1.9515409961680377e-03 3.6237062339261076e-03 0.0000000000000000e+00 -5.6379748205335201e-03 9.5039999999999992e+01
1.7174291591168600e-03 3.3239811199475755e-03 0.0000000000000000e+00 -5.1041378695038109e-03 9.5519999999999996e+01
1.5125415593169338e-03 3.0472869430247015e-03 0.0000000000000000e+00 -4.6225560927815046e-03 9.6000000000000000e+01
1.3309845069201230e-03 2.8088692177497218e-03 0.0000000000000000e+00 -4.2025813151096436e-03 9.6479999999999990e+01
1.1750538395649763e-03 2.6147361915238041e-03 0.0000000000000000e+00 -3.8525176215284951e-03 9.6959999999999994e+01
1.0527213837480775e-03 2.4654168629720591e-03 0.0000000000000000e+00 -3.5808658371594415e-03 9.7439999999999998e+01
9.6362720208049220e-04 2.3663009784731632e-03 0.0000000000000000e+00 -3.3926557709929028e-03 9.7920000000000002e+01
9.1813255602623536e-04 2.3108358917964091e-03 0.0000000000000000e+00 -3.2916960382620708e-03 9.8399999999999991e+01
9.1958088233493615e-04 2.2972128331980204e-03 0.0000000000000000e+00 -3.2795213059728656e-03 9.8879999999999995e+01
9.6612510049623381e-04 2.3302621662470786e-03 0.0000000000000000e+00 -3.3591148571827656e-03 9.9359999999999999e+01
1.0687747214556398e-03 2.4019213657542763e-03 0.0000000000000000e+00 -3.5334236776491945e-03 9.9840000000000003e+01
1.2212642729839936e-03 2.5229270865409167e-03 0.0000000000000000e+00 -3.8069189499640999e-03 1.0031999999999999e+02
1.4217117375933425e-03 2.6970004682056042e-03 0.0000000000000000e+00 -4.1814397962374183e-03 1.0080000000000000e+02
1.6603432545539776e-03 2.9328920273571130e-03 0.0000000000000000e+00 -4.6559628723501501e-03 1.0128000000000000e+02
1.9372695486585315e-03 3.2253497230502037e-03 0.0000000000000000e+00 -5.2253468621477062e-03 1.0175999999999999e+02
2.2327829895514386e-03 3.5862556133733590e-03 0.0000000000000000e+00 -5.8817661933636689e-03 1.0223999999999999e+02
2.5513594608330714e-03 3.9979476689116118e-03 0.0000000000000000e+00 -6.6120347201845675e-03 1.0272000000000000e+02
2.8817819552878574e-03 4.4573458357828697e-03 0.0000000000000000e+00 -7.4018553815098365e-03 1.0320000000000000e+02
3.2330642611534187e-03 4.9398866086640646e-03 0.0000000000000000e+00 -8.2356784602564126e-03 1.0367999999999999e+02
3.5976633768137001e-03 5.4354497093571184e-03 0.0000000000000000e+00 -9.0958406766095123e-03 1.0416000000000000e+02
3.9707225735537846e-03 5.9284414034898956e-03 0.0000000000000000e+00 -9.9618915674826169e-03 1.0464000000000000e+02
4.3285418081357597e-03 6.4208228518129271e-03 0.0000000000000000e+00 -1.0812092250387373e-02 1.0511999999999999e+02
4.6631471500021794e-03 6.8946865946804530e-03 0.0000000000000000e+00 -1.1620561335121460e-02 1.0559999999999999e+02
4.9367885885272973e-03 7.3597533240658151e-03 0.0000000000000000e+00 -1.2359269503032344e-02 1.0608000000000000e+02
5.1415963209073788e-03 7.7953761621569438e-03 0.0000000000000000e+00 -1.2999700073502929e-02 1.0656000000000000e+02
5.2673974674455944e-03 8.1850358189313466e-03 0.0000000000000000e+00 -1.3515160876814925e-02 1.0703999999999999e+02
5.3248782548844754e-03 8.4939833706745918e-03 0.0000000000000000e+00 -1.3881589215997137e-02 1.0752000000000000e+02
5.3166550731953335e-03 8.7013873613565797e-03 0.0000000000000000e+00 -1.4080770024990752e-02 1.0800000000000000e+02
5.2557920752140923e-03 8.7815997614019668e-03 0.0000000000000000e+00 -1.4100119427054247e-02 1.0847999999999999e+02
5.1285621450224243e-03 8.7385785365384702e-03 0.0000000000000000e+00 -1.3929868271999490e-02 1.0895999999999999e+02
4.9414173346014612e-03 8.5659842335494354e-03 0.0000000000000000e+00 -1.3570129158589239e-02 1.0944000000000000e+02
4.6760129634427113e-03 8.2859107144032315e-03 0.0000000000000000e+00 -1.3024651268284115e-02 1.0992000000000000e+02
4.3327358389791135e-03 7.9134120122457755e-03 0.0000000000000000e+00 -1.2308875441662925e-02 1.1039999999999999e+02
3.9192530289965527e-03 7.4606872751016053e-03 0.0000000000000000e+00 -1.1442667894536962e-02 1.1088000000000000e+02
3.4591958272940943e-03 6.9298917523909279e-03 0.0000000000000000e+00 -1.0451815170123391e-02 1.1136000000000000e+02
2.9714915559530437e-03 6.3328615657904166e-03 0.0000000000000000e+00 -9.3670807121812860e-03 1.1183999999999999e+02
2.4872991484101267e-03 5.6706296808059914e-03 0.0000000000000000e+00 -8.2206564196545262e-03 1.1231999999999999e+02
2.0147425282514720e-03 4.9713002510047392e-03 0.0000000000000000e+00 -7.0487703696939796e-03 1.1280000000000000e+02
1.5731527798007400e-03 4.2521737486101701e-03 0.0000000000000000e+00 -5.8880541188490731e-03 1.1328000000000000e+02
1.1684640572397712e-03 3.5491256044825163e-03 0.0000000000000000e+00 -4.7803172521605486e-03 1.1375999999999999e+02
8.0272522241461451e-04 2.9001108810424114e-03 0.0000000000000000e+00 -3.7655636938946913e-03 1.1423999999999999e+02
4.9552189484350557e-04 2.3271835975505755e-03 0.0000000000000000e+00 -2.8854330828320673e-03 1.1472000000000000e+02
2.6294194917238841e-04 1.8527945919214861e-03 0.0000000000000000e+00 -2.1784641315318876e-03 1.1519999999999999e+02
1.1878332958401347e-04 1.4936557547206694e-03 0.0000000000000000e+00 -1.6751666747423233e-03 1.1567999999999999e+02
7.5049307574177911e-05 1.2570946361026977e-03 0.0000000000000000e+00 -1.3948715341154383e-03 1.1616000000000000e+02
1.2796415863118203e-04 1.1612812436692507e-03 0.0000000000000000e+00 -1.3519729927382595e-03 1.1664000000000000e+02
2.7533238360283931e-04 1.2118535123666803e-03 0.0000000000000000e+00 -1.5499134864074282e-03 1.1711999999999999e+02
5.1566295585083550e-04 1.4042567814395194e-03 0.0000000000000000e+00 -1.9826473277280154e-03 1.1759999999999999e+02
8.3899860863317379e-04 1.7403993549823375e-03 0.0000000000000000e+00 -2.6421255540534094e-03 1.1808000000000000e+02
1.2333660665647098e-03 2.2121480147025063e-03 0.0000000000000000e+00 -3.5082416717049369e-03 1.1856000000000000e+02
1.6927793427170105e-03 2.7996697652113750e-03 0.0000000000000000e+00 -4.5551766983658037e-03 1.1903999999999999e+02
2.2014141020274569e-03 3.4809720372376667e-03 0.0000000000000000e+00 -5.7451137297033217e-03 1.1952000000000000e+02
2.7340315937007236e-03 4.2370131931727178e-03 0.0000000000000000e+00 -7.0337723773110650e-03 1.2000000000000000e+02
3.2591302536255700e-03 5.0453020620809617e-03 0.0000000000000000e+00 -8.3671599061434510e-03 1.2047999999999999e+02
3.7462836093467636e-03 5.8762115204336902e-03 0.0000000000000000e+00 -9.6852227202173236e-03 1.2095999999999999e+02
4.1801713750604687e-03 6.6839907760685305e-03 0.0000000000000000e+00 -1.0926889741566415e-02 1.2144000000000000e+02
4.5327697460305905e-03 7.4375029753152942e-03 0.0000000000000000e+00 -1.2033000311783670e-02 1.2192000000000000e+02
4.7956814236783610e-03 8.0907625041173152e-03 0.0000000000000000e+00 -1.2949171518233049e-02 1.2239999999999999e+02
4.9671423322737848e-03 8.5962487114210218e-03 0.0000000000000000e+00 -1.3626118634131990e-02 1.2288000000000000e+02
5.0370587742151517e-03 8.9231898002287650e-03 0.0000000000000000e+00 -1.4022976164881573e-02 1.2336000000000000e+02
4.9932686282773888e-03 9.0515891746769956e-03 0.0000000000000000e+00 -1.4107585393391409e-02 1.2383999999999999e+02
4.8183133452429309e-03 8.9800138267934291e-03 0.0000000000000000e+00 -1.3861054762473790e-02 1.2431999999999999e+02
4.5211802620885094e-03 8.6982831831793929e-03 0.0000000000000000e+00 -1.3282191035705049e-02 1.2480000000000000e+02
4.1069027670119348e-03 8.2187011398359155e-03 0.0000000000000000e+00 -1.2388331497285021e-02 1.2528000000000000e+02
3.6179116108897829e-03 7.5401610577806814e-03 0.0000000000000000e+00 -1.1220800259107433e-02 1.2575999999999999e+02
3.0845985395785407e-03 6.6899826581000247e-03 0.0000000000000000e+00 -9.8373087881153953e-03 1.2623999999999999e+02
2.5491739110986610e-03 5.6997234602172188e-03 0.0000000000000000e+00 -8.3116249617529725e-03 1.2672000000000000e+02
2.0556778436716747e-03 4.6106781097458530e-03 0.0000000000000000e+00 -6.7290835438547081e-03 1.2719999999999999e+02
1.6198639682337061e-03 3.5012936278621017e-03 0.0000000000000000e+00 -5.1838851865331215e-03 1.2767999999999999e+02
1.2626633485194752e-03 2.4465724407545255e-03 0.0000000000000000e+00 -3.7719633797113072e-03 1.2816000000000000e+02
9.9765958126292356e-04 1.5305596088957903e-03 0.0000000000000000e+00 -2.5909467805955710e-03 1.2863999999999999e+02
8.5618485519838147e-04 8.1343080556790337e-04 0.0000000000000000e+00 -1.7323432512028614e-03 1.2912000000000000e+02
8.6601548427360606e-04 3.4692371524608411e-04 0.0000000000000000e+00 -1.2756667899564977e-03 1.2959999999999999e+02
1.0446444487236632e-03 1.7481724451399373e-04 0.0000000000000000e+00 -1.2821892836745175e-03 1.3007999999999998e+02
1.4088586504789435e-03 3.1495032862860180e-04 0.0000000000000000e+00 -1.7865365695446389e-03 1.3056000000000000e+02
1.9523868729205622e-03 7.7659690073999177e-04 0.0000000000000000e+00 -2.7917113640967273e-03 1.3103999999999999e+02
2.6447658706194605e-03 1.5613838265221085e-03 0.0000000000000000e+00 -4.2688772875780767e-03 1.3151999999999998e+02
3.4243641672202074e-03 2.6700898800090444e-03 0.0000000000000000e+00 -6.1571816376659871e-03 1.3200000000000000e+02
4.2467419410200085e-03 4.0582218335806141e-03 0.0000000000000000e+00 -8.3676913650374551e-03 1.3247999999999999e+02
5.0588348557255199e-03 5.6633595625742725e-03 0.0000000000000000e+00 -1.0784922008735931e-02 1.3296000000000001e+02
5.8347836145275864e-03 7.3814722430311638e-03 0.0000000000000000e+00 -1.3278983447994053e-02 1.3344000000000000e+02
6.5374950925876259e-03 9.1027384469896354e-03 0.0000000000000000e+00 -1.5702961130013460e-02 1.3391999999999999e+02
7.1331763074037081e-03 1.0715702483219292e-02 0.0000000000000000e+00 -1.7911606381059375e-02 1.3440000000000001e+02
7.6025643075363176e-03 1.2095729400206198e-02 0.0000000000000000e+00 -1.9761021298178472e-02 1.3488000000000000e+02
7.9189697142580742e-03 1.3150507020492506e-02 0.0000000000000000e+00 -2.1132204325187143e-02 1.3535999999999999e+02
8.0532448177690671e-03 1.3817314999135277e-02 0.0000000000000000e+00 -2.1933287407341462e-02 1.3584000000000000e+02
7.9902217997833182e-03 1.4058189588034708e-02 0.0000000000000000e+00 -2.2111138978254230e-02 1.3631999999999999e+02
7.7555946445790544e-03 1.3840261312872661e-02 0.0000000000000000e+00 -2.1658583547887744e-02 1.3679999999999998e+02
7.3711404175377439e-03 1.3179714917451959e-02 0.0000000000000000e+00 -2.0613582925426144e-02 1.3728000000000000e+02
6.8817464890152530e-03 1.2113078318895121e-02 0.0000000000000000e+00 -1.9057552398346278e-02 1.3775999999999999e+02
6.3291762023693892e-03 1.0713355468256977e-02 0.0000000000000000e+00 -1.7105259261062322e-02 1.3824000000000001e+02
5.7630713162415120e-03 9.0760466127618976e-03 0.0000000000000000e+00 -1.4901845519439849e-02 1.3872000000000000e+02
5.2424398462816955e-03 7.3067991358863570e-03 0.0000000000000000e+00 -1.2611966572603439e-02 1.3919999999999999e+02
4.7710669556718143e-03 5.5711023190546253e-03 0.0000000000000000e+00 -1.0404896865162883e-02 1.3968000000000001e+02
4.4042261172637220e-03 3.9819437726297206e-03 0.0000000000000000e+00 -8.4488974803287320e-03 1.4016000000000000e+02
4.1886135807762490e-03 2.6495133631067608e-03 0.0000000000000000e+00 -6.9008545343183236e-03 1.4063999999999999e+02
4.1605062442816873e-03 1.6742935339059148e-03 0.0000000000000000e+00 -5.8975273686230345e-03 1.4112000000000000e+02
4.3543139839998593e-03 1.1288731158243259e-03 0.0000000000000000e+00 -5.5459146902596679e-03 1.4159999999999999e+02
4.7997793890826625e-03 1.0519550865462067e-03 0.0000000000000000e+00 -5.9144620660642744e-03 1.4207999999999998e+02
5.4819386669674305e-03 1.4832529545554442e-03 0.0000000000000000e+00 -7.0279192119584444e-03 1.4256000000000000e+02
6.3712536644133285e-03 2.4247140081406042e-03 0.0000000000000000e+00 -8.8586952629892135e-03 1.4303999999999999e+02
7.4013034572765236e-03 3.8668455595867873e-03 0.0000000000000000e+00 -1.1330876607298812e-02 1.4351999999999998e+02
8.5095668693670155e-03 5.7519332690184957e-03 0.0000000000000000e+00 -1.4324227728820915e-02 1.4400000000000000e+02
9.6137310982606465e-03 7.9978886180655084e-03 0.0000000000000000e+00 -1.7674347306761984e-02 1.4447999999999999e+02
1.0648206820379681e-02 1.0470621630274637e-02 0.0000000000000000e+00 -2.1181556041089733e-02 1.4496000000000001e+02
1.1543889048556530e-02 1.3015339589277539e-02 0.0000000000000000e+00 -2.4621956228268793e-02 1.4544000000000000e+02
1.2250381940042323e-02 1.5444411219375032e-02 0.0000000000000000e+00 -2.7757520749852160e-02 1.4591999999999999e+02
1.2722724866337564e-02 1.7573193582299099e-02 0.0000000000000000e+00 -3.0358646039071902e-02 1.4640000000000001e+02
1.2944962517107805e-02 1.9225417976301902e-02 0.0000000000000000e+00 -3.2233108083844719e-02 1.4688000000000000e+02
1.2933734490035171e-02 2.0246663560257824e-02 0.0000000000000000e+00 -3.3243125640728621e-02 1.4735999999999999e+02
1.2711792112324889e-02 2.0550683554898891e-02 0.0000000000000000e+00 -3.3325203257658531e-02 1.4784000000000000e+02
1.2327328475631420e-02 2.0106752434439035e-02 0.0000000000000000e+00 -3.2496808500505514e-02 1.4831999999999999e+02
1.1866431099668374e-02 1.8929321422127963e-02 0.0000000000000000e+00 -3.0858480112231135e-02 1.4879999999999998e+02
1.1359674457594745e-02 1.7149386211961035e-02 0.0000000000000000e+00 -2.8571788259990960e-02 1.4928000000000000e+02
1.0853526448197075e-02 1.4941751436849447e-02 0.0000000000000000e+00 -2.5858005475481116e-02 1.4975999999999999e+02
1.0372387721039336e-02 1.2529301958355775e-02 0.0000000000000000e+00 -2.2964417269830006e-02 1.5023999999999998e+02
9.9428555064045021e-03 1.0143153610315278e-02 0.0000000000000000e+00 -2.0148736707154447e-02 1.5072000000000000e+02
9.6064029942013185e-03 7.9866403851277558e-03 0.0000000000000000e+00 -1.7655770969763784e-02 1.5119999999999999e+02
9.4063149535909916e-03 6.2352283558378538e-03 0.0000000000000000e+00 -1.5704270899863371e-02 1.5168000000000001e+02
9.3992609494956136e-03 5.0102065865921521e-03 0.0000000000000000e+00 -1.4472195126522092e-02 1.5216000000000000e+02
9.6643486354213472e-03 4.3591875809192169e-03 0.0000000000000000e+00 -1.4086263806775579e-02 1.5263999999999999e+02
1.0218045934424803e-02 4.3309298602129285e-03 0.0000000000000000e+00 -1.4611703385072117e-02 1.5312000000000000e+02
1.1034411824893217e-02 4.9513160668511833e-03 0.0000000000000000e+00 -1.6048455482178481e-02 1.5359999999999999e+02
1.2068608217192925e-02 6.1972024806557580e-03 0.0000000000000000e+00 -1.8328538288283180e-02 1.5407999999999998e+02
1.3197113010832725e-02 8.0578771765139039e-03 0.0000000000000000e+00 -2.1317717777781242e-02 1.5456000000000000e+02
1.4320761492750265e-02 1.0437749281125591e-02 0.0000000000000000e+00 -2.4821238364310716e-02 1.5503999999999999e+02
1.5316406090105240e-02 1.3219286102134612e-02 0.0000000000000000e+00 -2.8598419782674744e-02 1.5551999999999998e+02
1.6111400431551529e-02 1.6199208829849713e-02 0.0000000000000000e+00 -3.2373336851835965e-02 1.5600000000000000e+02
1.6666028797124643e-02 1.9125329123069405e-02 0.0000000000000000e+00 -3.5854085510628853e-02 1.5647999999999999e+02
1.6967163136724254e-02 2.1733039710456054e-02 0.0000000000000000e+00 -3.8762930437614918e-02 1.5696000000000001e+02
1.7013570907257084e-02 2.3781523473166637e-02 0.0000000000000000e+00 -4.0857821970857522e-02 1.5744000000000000e+02
1.6839620022123709e-02 2.5063799273817237e-02 0.0000000000000000e+00 -4.1966146886375455e-02 1.5791999999999999e+02
1.6460602709129166e-02 2.5481074601759378e-02 0.0000000000000000e+00 -4.2004404901323067e-02 1.5840000000000001e+02
1.5946591897378477e-02 2.4987334885887780e-02 0.0000000000000000e+00 -4.0996654373700814e-02 1.5888000000000000e+02
1.5366338146815119e-02 2.3640567474144385e-02 0.0000000000000000e+00 -3.9069633211393784e-02 1.5935999999999999e+02
1.4775429277595550e-02 2.1589290875556694e-02 0.0000000000000000e+00 -3.6427447743586416e-02 1.5984000000000000e+02
1.4215058278552083e-02 1.9050599422905927e-02 0.0000000000000000e+00 -3.3328385291892193e-02 1.6031999999999999e+02
1.3714348285313212e-02 1.6277543546930801e-02 0.0000000000000000e+00 -3.0054619422677842e-02 1.6079999999999998e+02
1.3269928484765381e-02 1.3553948818851157e-02 0.0000000000000000e+00 -2.6886604894050148e-02 1.6128000000000000e+02
1.2878030372109444e-02 1.1137435736545678e-02 0.0000000000000000e+00 -2.4078193699089478e-02 1.6175999999999999e+02
1.2575602421715161e-02 9.2055282400757589e-03 0.0000000000000000e+00 -2.1843858252224679e-02 1.6223999999999998e+02
1.2437569514735640e-02 7.8577876262180095e-03 0.0000000000000000e+00 -2.0358084731387338e-02 1.6272000000000000e+02
1.2523810708920091e-02 7.1444773763528670e-03 0.0000000000000000e+00 -1.9731015675706898e-02 1.6319999999999999e+02
1.2871476584572911e-02 7.0739864078055107e-03 0.0000000000000000e+00 -2.0008190582812446e-02 1.6368000000000001e+02
1.3477420234884178e-02 7.6232984955283021e-03 0.0000000000000000e+00 -2.1163446320845880e-02 1.6416000000000000e+02
1.4266395681464808e-02 8.7609483994813414e-03 0.0000000000000000e+00 -2.3090071671380219e-02 1.6463999999999999e+02
1.5099482314345252e-02 1.0459106652082481e-02 0.0000000000000000e+00 -2.5621316556861506e-02 1.6512000000000000e+02
1.5818072821127894e-02 1.2653260660137488e-02 0.0000000000000000e+00 -2.8534061071698869e-02 1.6559999999999999e+02
1.6318735419750437e-02 1.5193422646084344e-02 0.0000000000000000e+00 -3.1574885656268981e-02 1.6607999999999998e+02
1.6572769155481292e-02 1.7846895711503951e-02 0.0000000000000000e+00 -3.4482392457418687e-02 1.6656000000000000e+02
1.6570187257714121e-02 2.0360104829168356e-02 0.0000000000000000e+00 -3.6993019677316497e-02 1.6703999999999999e+02
1.6379795061965421e-02 2.2439931171880163e-02 0.0000000000000000e+00 -3.8882453824279128e-02 1.6751999999999998e+02
1.6054323663096271e-02 2.3856778040015562e-02 0.0000000000000000e+00 -3.9973829293545426e-02 1.6800000000000000e+02
1.5611973082593229e-02 2.4479425582681201e-02 0.0000000000000000e+00 -4.0154126255708356e-02 1.6847999999999999e+02
1.5091899993867192e-02 2.4244751917243748e-02 0.0000000000000000e+00 -3.9399379501544596e-02 1.6895999999999998e+02
1.4477575136256427e-02 2.3239880671806375e-02 0.0000000000000000e+00 -3.7780183398495870e-02 1.6944000000000000e+02
1.3796276869418056e-02 2.1580313946776168e-02 0.0000000000000000e+00 -3.5439318406627285e-02 1.6991999999999999e+02
1.3080361096286549e-02 1.9444837893571584e-02 0.0000000000000000e+00 -3.2587926580290860e-02 1.7040000000000001e+02
1.2381642626126600e-02 1.7022887362056090e-02 0.0000000000000000e+00 -2.9467257578616346e-02 1.7088000000000000e+02
1.1737184392999716e-02 1.4520688618678584e-02 0.0000000000000000e+00 -2.6320600602111721e-02 1.7135999999999999e+02
1.1209797273930736e-02 1.2106788446682587e-02 0.0000000000000000e+00 -2.3379313311046479e-02 1.7184000000000000e+02
1.0783181594249437e-02 9.9859766155087921e-03 0.0000000000000000e+00 -2.0831885800190797e-02 1.7231999999999999e+02
1.0494018754980730e-02 8.2613796785894721e-03 0.0000000000000000e+00 -1.8818126024003234e-02 1.7279999999999998e+02
1.0317471022358275e-02 7.0585458630732737e-03 0.0000000000000000e+00 -1.7438744475864576e-02 1.7328000000000000e+02
1.0250949087681687e-02 6.4178140321913069e-03 0.0000000000000000e+00 -1.6731490710305774e-02 1.7375999999999999e+02
1.0315933172864453e-02 6.3162140553360800e-03 0.0000000000000000e+00 -1.6694874818633298e-02 1.7423999999999998e+02
1.0497579519540959e-02 6.7140800761252388e-03 0.0000000000000000e+00 -1.7274387186099194e-02 1.7472000000000000e+02
1.0756668547495837e-02 7.5475833027802836e-03 0.0000000000000000e+00 -1.8366979440708864e-02 1.7519999999999999e+02
1.1031870316795016e-02 8.7408351843352630e-03 0.0000000000000000e+00 -1.9835433091563104e-02 1.7568000000000001e+02
1.1229699411274070e-02 1.0207407193224514e-02 0.0000000000000000e+00 -2.1499834194930845e-02 1.7616000000000000e+02
1.1296676644205899e-02 1.1815687321150603e-02 0.0000000000000000e+00 -2.3175091555788896e-02 1.7663999999999999e+02
1.1182694053012438e-02 1.3428302693459994e-02 0.0000000000000000e+00 -2.4673724336905067e-02 1.7712000000000000e+02
1.0868689655624049e-02 1.4893923783538434e-02 0.0000000000000000e+00 -2.5825341029594995e-02 1.7759999999999999e+02
1.0416693804294856e-02 1.6021029644653004e-02 0.0000000000000000e+00 -2.6500451039380257e-02 1.7807999999999998e+02
9.8684481954944385e-03 1.6682516367152914e-02 0.0000000000000000e+00 -2.6613692153079738e-02 1.7856000000000000e+02
9.3059819480731006e-03 1.6764948228608315e-02 0.0000000000000000e+00 -2.6133657767113627e-02 1.7903999999999999e+02
8.7204667230113952e-03 1.6294704081811964e-02 0.0000000000000000e+00 -2.5077898395255760e-02 1.7951999999999998e+02
8.1505593795013417e-03 1.5304210405802710e-02 0.0000000000000000e+00 -2.3517497375736385e-02 1.8000000000000000e+02
7.5691585482022643e-03 1.3931080943890587e-02 0.0000000000000000e+00 -2.1562967082525475e-02 1.8047999999999999e+02
6.9839655017402543e-03 1.2307154780384785e-02 0.0000000000000000e+00 -1.9353847872557006e-02 1.8095999999999998e+02
6.3902275225526835e-03 1.0589613885476863e-02 0.0000000000000000e+00 -1.7042568998461682e-02 1.8144000000000000e+02
5.8397003299332090e-03 8.8818194361629400e-03 0.0000000000000000e+00 -1.4784247356528057e-02 1.8191999999999999e+02
5.3642016680530858e-03 7.2801244680008479e-03 0.0000000000000000e+00 -1.2707053726486617e-02 1.8240000000000001e+02
5.0139238491457329e-03 5.8320105957968037e-03 0.0000000000000000e+00 -1.0908662035374439e-02 1.8288000000000000e+02
4.7449771639503655e-03 4.6412763881828658e-03 0.0000000000000000e+00 -9.4489811425646497e-03 1.8335999999999999e+02
4.5837281162964330e-03 3.7151927837705458e-03 0.0000000000000000e+00 -8.3616484904991406e-03 1.8384000000000000e+02
4.4878514326610374e-03 3.1046441150141750e-03 0.0000000000000000e+00 -7.6552231381075142e-03 1.8431999999999999e+02
4.4353589328174937e-03 2.8195652104340309e-03 0.0000000000000000e+00 -7.3176517336832614e-03 1.8479999999999998e+02
4.4080798557575279e-03 2.8492521676856900e-03 0.0000000000000000e+00 -7.3200596138751628e-03 1.8528000000000000e+02
4.3835538662911587e-03 3.1641862589279366e-03 0.0000000000000000e+00 -7.6104677156509926e-03 1.8575999999999999e+02
4.3646678538829566e-03 3.7001119498328225e-03 0.0000000000000000e+00 -8.1275073941473597e-03 1.8623999999999998e+02
4.3760455304763125e-03 4.3614930670605907e-03 0.0000000000000000e+00 -8.8002661879686972e-03 1.8672000000000000e+02
4.3600811949359945e-03 5.1144509404926061e-03 0.0000000000000000e+00 -9.5372597258605030e-03 1.8719999999999999e+02
4.3283026161678659e-03 5.8616978629347019e-03 0.0000000000000000e+00 -1.0252728069534367e-02 1.8768000000000001e+02
4.2494610420230738e-03 6.5641917363933495e-03 0.0000000000000000e+00 -1.0876380368848526e-02 1.8816000000000000e+02
4.1166017760752146e-03 7.1563851210902614e-03 0.0000000000000000e+00 -1.1335714487597182e-02 1.8863999999999999e+02
3.9103904411836483e-03 7.6130875475217720e-03 0.0000000000000000e+00 -1.1586205579136477e-02 1.8912000000000000e+02
3.6479214780299508e-03 7.8954386193472257e-03 0.0000000000000000e+00 -1.1606087687809019e-02 1.8959999999999999e+02
3.3720027000305559e-03 7.9544965466346214e-03 0.0000000000000000e+00 -1.1389226837097199e-02 1.9007999999999998e+02
3.0932965459260337e-03 7.7915387196636392e-03 0.0000000000000000e+00 -1.0947562856021165e-02 1.9056000000000000e+02
2.8408755166105001e-03 7.4108012684788102e-03 0.0000000000000000e+00 -1.0314404375520558e-02 1.9103999999999999e+02
2.5975981033816921e-03 6.8657121078569416e-03 0.0000000000000000e+00 -9.5260378016706060e-03 1.9151999999999998e+02
2.4083576783402809e-03 6.1640482210415289e-03 0.0000000000000000e+00 -8.6351334898133736e-03 1.9200000000000000e+02
2.2322354602409698e-03 5.3962425730597341e-03 0.0000000000000000e+00 -7.6912056237319337e-03 1.9247999999999999e+02
2.0861623679187800e-03 4.6054272647178714e-03 0.0000000000000000e+00 -6.7543172230681847e-03 1.9295999999999998e+02
1.9532018087189806e-03 3.8534874342424971e-03 0.0000000000000000e+00 -5.8694168333930374e-03 1.9344000000000000e+02
1.8350215543584704e-03 3.1803707287580401e-03 0.0000000000000000e+00 -5.0781198735474486e-03 1.9391999999999999e+02
1.7399847653522785e-03 2.5998837271249452e-03 0.0000000000000000e+00 -4.4025960829079391e-03 1.9440000000000001e+02
1.6856327582222240e-03 2.1163649397868377e-03 0.0000000000000000e+00 -3.8647252884400629e-03 1.9488000000000000e+02
1.6584432938804585e-03 1.7488280878228508e-03 0.0000000000000000e+00 -3.4699989721347357e-03 1.9535999999999999e+02
1.6565292272316570e-03 1.4948091413346659e-03 0.0000000000000000e+00 -3.2140659589967591e-03 1.9584000000000000e+02
1.6862817031389572e-03 1.3417761194902799e-03 0.0000000000000000e+00 -3.0907854130597379e-03 1.9631999999999999e+02
1.7209356987082560e-03 1.3078278699319944e-03 0.0000000000000000e+00 -3.0914911590711469e-03 1.9679999999999998e+02
1.7539508052340541e-03 1.3818292783192672e-03 0.0000000000000000e+00 -3.1985076739846630e-03 1.9728000000000000e+02
1.8055356982832602e-03 1.5469122958826887e-03 0.0000000000000000e+00 -3.4151755845968079e-03 1.9775999999999999e+02
1.8585317997717376e-03 1.8176404895584796e-03 0.0000000000000000e+00 -3.7388998797607265e-03 1.9823999999999998e+02
1.9313309066368847e-03 2.1605770721637892e-03 0.0000000000000000e+00 -4.1546355692310133e-03 1.9872000000000000e+02
1.9987028316615575e-03 2.5857380164876122e-03 0.0000000000000000e+00 -4.6471684385798184e-03 1.9919999999999999e+02
2.0773092662223791e-03 3.0488297970788169e-03 0.0000000000000000e+00 -5.1888666537318606e-03 1.9968000000000001e+02
2.1618661586127932e-03 3.5311852673590872e-03 0.0000000000000000e+00 -5.7557790164026734e-03 2.0016000000000000e+02
2.2435619365963905e-03 4.0086756532854160e-03 0.0000000000000000e+00 -6.3149651803120488e-03 2.0063999999999999e+02
2.3016327895046150e-03 4.4719019283851746e-03 0.0000000000000000e+00 -6.8362623083200180e-03 2.0112000000000000e+02
2.3384237191580665e-03 4.8914669069691835e-03 0.0000000000000000e+00 -7.2926182165578002e-03 2.0159999999999999e+02
2.3391466841784798e-03 5.2551058945094426e-03 0.0000000000000000e+00 -7.6569801691177553e-03 2.0207999999999998e+02
2.3209410052211161e-03 5.5248076426547407e-03 0.0000000000000000e+00 -7.9084762383061502e-03 2.0256000000000000e+02
2.2751907951636136e-03 5.6929838776998004e-03 0.0000000000000000e+00 -8.0309022632929494e-03 2.0303999999999999e+02
2.2052344964773292e-03 5.7480131286968645e-03 0.0000000000000000e+00 -8.0159752156041542e-03 2.0351999999999998e+02
2.1117403557831672e-03 5.6879372416377815e-03 0.0000000000000000e+00 -7.8624051878510848e-03 2.0400000000000000e+02
