0.0000000000000000e+00 2.0942518803246787e-06 0.0000000000000000e+00 -6.4821842329809698e-05 0.0000000000000000e+00
6.8397851265131758e-08 2.0274841288756428e-06 0.0000000000000000e+00 -6.4823472427422146e-05 2.3999999999999999e-01
2.8061337280230243e-07 1.8359427769651663e-06 0.0000000000000000e+00 -6.4844146598019847e-05 4.7999999999999998e-01
5.8858451115982866e-07 1.5519926177185740e-06 0.0000000000000000e+00 -6.4868167577003533e-05 7.1999999999999997e-01
9.8976335279973577e-07 1.2087015706606460e-06 0.0000000000000000e+00 -6.4926055371561375e-05 9.5999999999999996e-01
1.4076772336146213e-06 8.5133401682215278e-07 0.0000000000000000e+00 -6.4986601697958335e-05 1.2000000000000000e+00
1.8837187163944490e-06 5.4139039623078325e-07 0.0000000000000000e+00 -6.5152699560755423e-05 1.4399999999999999e+00
2.1291455734476287e-06 3.3729105918052877e-07 0.0000000000000000e+00 -6.5194027081050265e-05 1.6799999999999999e+00
2.4674136338406312e-06 1.9205424007417537e-07 0.0000000000000000e+00 -6.5387058321819680e-05 1.9199999999999999e+00
2.4218940721937081e-06 2.3962690934225763e-07 0.0000000000000000e+00 -6.5389111429059454e-05 2.1600000000000001e+00
2.3425823344171348e-06 4.0205386046860759e-07 0.0000000000000000e+00 -6.5472226642215858e-05 2.3999999999999999e+00
2.2190231724239006e-06 6.2448962007963407e-07 0.0000000000000000e+00 -6.5571103240236184e-05 2.6399999999999997e+00
1.8963688996692876e-06 1.0092368384287071e-06 0.0000000000000000e+00 -6.5633196185910236e-05 2.8799999999999999e+00
1.4725045594312658e-06 1.4405474227285943e-06 0.0000000000000000e+00 -6.5640642429087848e-05 3.1200000000000001e+00
1.0365436574116987e-06 1.8851263653040151e-06 0.0000000000000000e+00 -6.5649260470035387e-05 3.3599999999999999e+00
7.6451008593282732e-07 2.1912076278175754e-06 0.0000000000000000e+00 -6.5683308161146314e-05 3.5999999999999996e+00
6.0434612231187509e-07 2.3930353184033090e-06 0.0000000000000000e+00 -6.5724971887171080e-05 3.8399999999999999e+00
4.6019244826242619e-07 2.5511122898383204e-06 0.0000000000000000e+00 -6.5738895185241120e-05 4.0800000000000001e+00
6.0156137889962392e-07 2.5243319079640289e-06 0.0000000000000000e+00 -6.5853483734112928e-05 4.3200000000000003e+00
8.5904494888348125e-07 2.3398256176922827e-06 0.0000000000000000e+00 -6.5926461014109705e-05 4.5599999999999996e+00
1.2315665157593443e-06 2.0626237201943094e-06 0.0000000000000000e+00 -6.6021780682934406e-05 4.7999999999999998e+00
1.6278222173957379e-06 1.8034350998500036e-06 0.0000000000000000e+00 -6.6158847764397066e-05 5.0400000000000000e+00
2.0468677576754923e-06 1.4943972578567731e-06 0.0000000000000000e+00 -6.6268855462014997e-05 5.2799999999999994e+00
2.5315709538801414e-06 1.1125468560679476e-06 0.0000000000000000e+00 -6.6371708256962592e-05 5.5199999999999996e+00
2.6965680709417399e-06 9.7905118590494536e-07 0.0000000000000000e+00 -6.6403209703969068e-05 5.7599999999999998e+00
2.9424786310947634e-06 8.3404937745983190e-07 0.0000000000000000e+00 -6.6504118455323891e-05 6.0000000000000000e+00
3.0020700788818703e-06 8.2036287186514559e-07 0.0000000000000000e+00 -6.6550023397615732e-05 6.2400000000000002e+00
2.7293569895277754e-06 1.1093509904232113e-06 0.0000000000000000e+00 -6.6566298426939952e-05 6.4799999999999995e+00
2.4213720273294243e-06 1.4229321150739160e-06 0.0000000000000000e+00 -6.6571894588696168e-05 6.7199999999999998e+00
2.3892572450882328e-06 1.5991696840772458e-06 0.0000000000000000e+00 -6.6716017375956227e-05 6.9600000000000000e+00
1.9439216410231894e-06 2.0874724919386059e-06 0.0000000000000000e+00 -6.6758984579085023e-05 7.1999999999999993e+00
1.4522273941546702e-06 2.6124243414905082e-06 0.0000000000000000e+00 -6.6792242182422967e-05 7.4399999999999995e+00
1.4421134151057167e-06 2.6730908050091101e-06 0.0000000000000000e+00 -6.6842794666621685e-05 7.6799999999999997e+00
1.3036610794471729e-06 2.8888064732622984e-06 0.0000000000000000e+00 -6.6920057999464433e-05 7.9199999999999999e+00
1.1476064513276214e-06 3.1378505974892432e-06 0.0000000000000000e+00 -6.7013047495345646e-05 8.1600000000000001e+00
1.5205223384710461e-06 2.9104143505589679e-06 0.0000000000000000e+00 -6.7158527135013912e-05 8.4000000000000004e+00
1.9820020864679416e-06 2.6283864178823299e-06 0.0000000000000000e+00 -6.7337978950865462e-05 8.6400000000000006e+00
2.1347512848318496e-06 2.6290226339568444e-06 0.0000000000000000e+00 -6.7491364365013240e-05 8.8799999999999990e+00
2.6411299570156105e-06 2.2942703834215539e-06 0.0000000000000000e+00 -6.7662990786532262e-05 9.1199999999999992e+00
3.2255906371325894e-06 1.8324644662239537e-06 0.0000000000000000e+00 -6.7785645549767182e-05 9.3599999999999994e+00
3.2704043199870773e-06 1.9172747624658808e-06 0.0000000000000000e+00 -6.7915269529095212e-05 9.5999999999999996e+00
3.3788043149523885e-06 1.9452483552600740e-06 0.0000000000000000e+00 -6.8051643116184835e-05 9.8399999999999999e+00
3.6060853457285675e-06 1.7754684395037340e-06 0.0000000000000000e+00 -6.8109144231165430e-05 1.0080000000000000e+01
3.3617213242603680e-06 2.0284699326650817e-06 0.0000000000000000e+00 -6.8117781703014302e-05 1.0320000000000000e+01
3.1848400103357423e-06 2.2792629626565094e-06 0.0000000000000000e+00 -6.8191693418873101e-05 1.0559999999999999e+01
2.9088538659310349e-06 2.5839954411644752e-06 0.0000000000000000e+00 -6.8220439752852968e-05 1.0799999999999999e+01
2.5350313337570636e-06 2.9781875525757908e-06 0.0000000000000000e+00 -6.8240809332875685e-05 1.1039999999999999e+01
2.3133209100849017e-06 3.2235864521704462e-06 0.0000000000000000e+00 -6.8264497808057101e-05 1.1279999999999999e+01
2.2499311780159683e-06 3.3846154390790133e-06 0.0000000000000000e+00 -6.8362137062960571e-05 1.1520000000000000e+01
2.2769083990355807e-06 3.4716951713295484e-06 0.0000000000000000e+00 -6.8476194016398040e-05 1.1760000000000000e+01
2.4546544874546036e-06 3.5096133331001407e-06 0.0000000000000000e+00 -6.8691858266189953e-05 1.2000000000000000e+01
2.7901775610027903e-06 3.4488607693806757e-06 0.0000000000000000e+00 -6.8966628776090388e-05 1.2240000000000000e+01
3.3495334970043382e-06 3.2818812478817847e-06 0.0000000000000000e+00 -6.9359005190561263e-05 1.2480000000000000e+01
3.8280619816736714e-06 3.0895183078645151e-06 0.0000000000000000e+00 -6.9645170734933259e-05 1.2719999999999999e+01
4.1207127097581534e-06 3.0592128562763203e-06 0.0000000000000000e+00 -6.9907516011546988e-05 1.2959999999999999e+01
4.3531210529225769e-06 3.0426899057283355e-06 0.0000000000000000e+00 -7.0123401403998642e-05 1.3199999999999999e+01
5.1019709842551799e-06 2.9196902800158476e-06 0.0000000000000000e+00 -7.0749251709800731e-05 1.3440000000000000e+01
5.0430755457170301e-06 3.2325179484292622e-06 0.0000000000000000e+00 -7.1003183939710723e-05 1.3680000000000000e+01
4.6219742769806814e-06 4.0527550024928635e-06 0.0000000000000000e+00 -7.1402319725466512e-05 1.3920000000000000e+01
4.5290921883123404e-06 4.2793517142590515e-06 0.0000000000000000e+00 -7.1536034347730038e-05 1.4160000000000000e+01
4.8077069756283554e-06 4.0723259359884228e-06 0.0000000000000000e+00 -7.1607623356895189e-05 1.4399999999999999e+01
4.1164202387995195e-06 4.8366384614086325e-06 0.0000000000000000e+00 -7.1680649145644537e-05 1.4639999999999999e+01
3.5691384688634896e-06 5.4136729867232886e-06 0.0000000000000000e+00 -7.1710401900793030e-05 1.4879999999999999e+01
3.7819698429301557e-06 5.3010098738971293e-06 0.0000000000000000e+00 -7.1810570162034182e-05 1.5119999999999999e+01
3.8904130620719650e-06 5.4330842153596245e-06 0.0000000000000000e+00 -7.2051087722124763e-05 1.5359999999999999e+01
4.4006363959617829e-06 5.1922939243954803e-06 0.0000000000000000e+00 -7.2320520765556395e-05 1.5600000000000000e+01
4.8388822941701053e-06 5.0417393361147415e-06 0.0000000000000000e+00 -7.2608212075220280e-05 1.5840000000000000e+01
4.6745685551979919e-06 5.5453884889688702e-06 0.0000000000000000e+00 -7.2947547489654596e-05 1.6079999999999998e+01
5.6567539474367248e-06 4.9643526429690999e-06 0.0000000000000000e+00 -7.3348697035235944e-05 1.6320000000000000e+01
7.0051540291220831e-06 3.9555541138282828e-06 0.0000000000000000e+00 -7.3688298587892831e-05 1.6559999999999999e+01
7.0849217802585699e-06 4.2553355031600421e-06 0.0000000000000000e+00 -7.4067847728453984e-05 1.6800000000000001e+01
6.9875161687513341e-06 4.8127635730107004e-06 0.0000000000000000e+00 -7.4527870186802403e-05 1.7039999999999999e+01
7.5197682069986472e-06 4.6407540657453952e-06 0.0000000000000000e+00 -7.4888112717719224e-05 1.7280000000000001e+01
7.6881445053767180e-06 4.6849316650591939e-06 0.0000000000000000e+00 -7.5100666615535161e-05 1.7520000000000000e+01
6.9123418614555199e-06 5.6490401012972807e-06 0.0000000000000000e+00 -7.5288972407383525e-05 1.7759999999999998e+01
6.3007344190359270e-06 6.4457172561834325e-06 0.0000000000000000e+00 -7.5474042120049489e-05 1.8000000000000000e+01
5.8455402823146410e-06 6.9252421931071194e-06 0.0000000000000000e+00 -7.5498372920090873e-05 1.8239999999999998e+01
5.2922595279445870e-06 7.5971558546908409e-06 0.0000000000000000e+00 -7.5617005827144368e-05 1.8480000000000000e+01
5.1561499434534998e-06 7.8011130192076252e-06 0.0000000000000000e+00 -7.5684853407809172e-05 1.8719999999999999e+01
4.9965877089154084e-06 8.1149536201598674e-06 0.0000000000000000e+00 -7.5839131774113611e-05 1.8960000000000001e+01
4.9578006811763493e-06 8.3689336762754359e-06 0.0000000000000000e+00 -7.6054324801955175e-05 1.9199999999999999e+01
5.8502420017255791e-06 7.8405021497027051e-06 0.0000000000000000e+00 -7.6418334595595994e-05 1.9439999999999998e+01
6.8329119172752656e-06 7.3737622309370082e-06 0.0000000000000000e+00 -7.6934264592987134e-05 1.9680000000000000e+01
7.6301844360468927e-06 7.1352436419192655e-06 0.0000000000000000e+00 -7.7493018522112322e-05 1.9919999999999998e+01
8.6843405823766189e-06 6.7798528547110752e-06 0.0000000000000000e+00 -7.8191783881464971e-05 2.0160000000000000e+01
1.0143831916921006e-05 5.9847989852243061e-06 0.0000000000000000e+00 -7.8856221346734756e-05 2.0399999999999999e+01
1.1006413122744782e-05 5.7103124015723992e-06 0.0000000000000000e+00 -7.9444315968624224e-05 2.0640000000000001e+01
1.0885022672326407e-05 6.3680508704612221e-06 0.0000000000000000e+00 -7.9980663987067047e-05 2.0879999999999999e+01
1.1082429203636899e-05 6.6355295837021417e-06 0.0000000000000000e+00 -8.0445549231589197e-05 2.1119999999999997e+01
1.1228131835458045e-05 6.9250706007830617e-06 0.0000000000000000e+00 -8.0880792880932972e-05 2.1359999999999999e+01
1.0760567119972442e-05 7.8428800949767094e-06 0.0000000000000000e+00 -8.1331037658616268e-05 2.1599999999999998e+01
9.7665165092177841e-06 9.1637006605130007e-06 0.0000000000000000e+00 -8.1657807613710887e-05 2.1840000000000000e+01
8.4794367935317500e-06 1.0717884220504842e-05 0.0000000000000000e+00 -8.1924911458530758e-05 2.2079999999999998e+01
8.2557069213056286e-06 1.1292804743226060e-05 0.0000000000000000e+00 -8.2276102108425064e-05 2.2320000000000000e+01
8.1648137540781039e-06 1.1800718003112985e-05 0.0000000000000000e+00 -8.2693122200661051e-05 2.2559999999999999e+01
7.6528894757628540e-06 1.2772764462418751e-05 0.0000000000000000e+00 -8.3153244382350167e-05 2.2800000000000001e+01
8.2102198922084975e-06 1.2823902790372091e-05 0.0000000000000000e+00 -8.3761713126850879e-05 2.3039999999999999e+01
8.7175629066600031e-06 1.2876562772115428e-05 0.0000000000000000e+00 -8.4321716123048063e-05 2.3279999999999998e+01
1.0328351746258651e-05 1.2112373487551223e-05 0.0000000000000000e+00 -8.5168315678174622e-05 2.3520000000000000e+01
1.2176756985235974e-05 1.1131135528293522e-05 0.0000000000000000e+00 -8.6035482957935727e-05 2.3759999999999998e+01
1.2995158128642050e-05 1.1214514681429340e-05 0.0000000000000000e+00 -8.6937263253927810e-05 2.4000000000000000e+01
1.4943909505027739e-05 1.0142802375197827e-05 0.0000000000000000e+00 -8.7814302323963034e-05 2.4239999999999998e+01
1.7117694533417942e-05 8.9409475712551518e-06 0.0000000000000000e+00 -8.8786232548487831e-05 2.4480000000000000e+01
1.7167228662408629e-05 9.6823765861444126e-06 0.0000000000000000e+00 -8.9577195692580602e-05 2.4719999999999999e+01
1.7217971002867848e-05 1.0368452158973413e-05 0.0000000000000000e+00 -9.0314013605929944e-05 2.4960000000000001e+01
1.7186530410211555e-05 1.1096542512159484e-05 0.0000000000000000e+00 -9.1010663366253297e-05 2.5199999999999999e+01
1.6624037354281213e-05 1.2307281271509355e-05 0.0000000000000000e+00 -9.1658909069591843e-05 2.5439999999999998e+01
1.6160720053964161e-05 1.3680769788255323e-05 0.0000000000000000e+00 -9.2569080285764826e-05 2.5680000000000000e+01
1.4634308936318614e-05 1.5852531866387470e-05 0.0000000000000000e+00 -9.3214431246213536e-05 2.5919999999999998e+01
1.3568697633867310e-05 1.7641066888241439e-05 0.0000000000000000e+00 -9.3937354966211473e-05 2.6160000000000000e+01
1.3730844843670699e-05 1.8382644231624855e-05 0.0000000000000000e+00 -9.4841079518959148e-05 2.6399999999999999e+01
1.3574994848093614e-05 1.9198919538312571e-05 0.0000000000000000e+00 -9.5501504830064476e-05 2.6640000000000001e+01
1.3591647435003822e-05 2.0207632014357673e-05 0.0000000000000000e+00 -9.6526869892921141e-05 2.6879999999999999e+01
1.4099324290266347e-05 2.0762665678780828e-05 0.0000000000000000e+00 -9.7589580412948962e-05 2.7119999999999997e+01
1.6234166829863747e-05 1.9720240465621713e-05 0.0000000000000000e+00 -9.8681997739102911e-05 2.7359999999999999e+01
1.9381528418289170e-05 1.7816538884508868e-05 0.0000000000000000e+00 -9.9925657745858487e-05 2.7599999999999998e+01
2.1200097529825020e-05 1.7375777300989669e-05 0.0000000000000000e+00 -1.0130346527414957e-04 2.7840000000000000e+01
2.2953714117360286e-05 1.7077720833506585e-05 0.0000000000000000e+00 -1.0275902539391701e-04 2.8079999999999998e+01
2.5125570544329881e-05 1.6379168452243271e-05 0.0000000000000000e+00 -1.0423232944001271e-04 2.8320000000000000e+01
2.6203542424297908e-05 1.6696840199587304e-05 0.0000000000000000e+00 -1.0562797306734595e-04 2.8559999999999999e+01
2.7235618362276571e-05 1.6983797876802296e-05 0.0000000000000000e+00 -1.0694700668212320e-04 2.8799999999999997e+01
2.7519433841969147e-05 1.8154462946363393e-05 0.0000000000000000e+00 -1.0840148723101350e-04 2.9039999999999999e+01
2.6653990609261880e-05 2.0375931527251176e-05 0.0000000000000000e+00 -1.0975751257991107e-04 2.9279999999999998e+01
2.6117191468913445e-05 2.2073088544296207e-05 0.0000000000000000e+00 -1.1091787045636181e-04 2.9520000000000000e+01
2.5133721038406466e-05 2.4313890119253386e-05 0.0000000000000000e+00 -1.1217520160045069e-04 2.9759999999999998e+01
2.3269114251623391e-05 2.7424260020732641e-05 0.0000000000000000e+00 -1.1342096471511631e-04 3.0000000000000000e+01
2.2691026691647529e-05 2.9403334598602270e-05 0.0000000000000000e+00 -1.1482195173284637e-04 3.0239999999999998e+01
2.3443183625615655e-05 3.0139271173006044e-05 0.0000000000000000e+00 -1.1631004524170763e-04 3.0480000000000000e+01
2.4411047726417606e-05 3.0923972608893057e-05 0.0000000000000000e+00 -1.1806261077818014e-04 3.0719999999999999e+01
2.5320850567644876e-05 3.1913846018617905e-05 0.0000000000000000e+00 -1.1996228702981782e-04 3.0959999999999997e+01
2.7972529537341110e-05 3.1359110634224962e-05 0.0000000000000000e+00 -1.2205923061459067e-04 3.1199999999999999e+01
3.1319950431421759e-05 3.0109161366894052e-05 0.0000000000000000e+00 -1.2415670224097397e-04 3.1439999999999998e+01
3.4307924202857604e-05 2.9429525712196092e-05 0.0000000000000000e+00 -1.2646504035784822e-04 3.1680000000000000e+01
3.7087419361366256e-05 2.9019232839816642e-05 0.0000000000000000e+00 -1.2883424264331644e-04 3.1919999999999998e+01
3.9365429395428712e-05 2.9258937338001979e-05 0.0000000000000000e+00 -1.3135195717639547e-04 3.2159999999999997e+01
4.1694286127682939e-05 2.9351527509670901e-05 0.0000000000000000e+00 -1.3377340407960681e-04 3.2399999999999999e+01
4.3809334582682063e-05 2.9604915154827692e-05 0.0000000000000000e+00 -1.3614184018062581e-04 3.2640000000000001e+01
4.4279403879860437e-05 3.1487255812097944e-05 0.0000000000000000e+00 -1.3849425013456873e-04 3.2879999999999995e+01
4.3131332489662827e-05 3.4694945361969781e-05 0.0000000000000000e+00 -1.4055386829392447e-04 3.3119999999999997e+01
4.2139590673642299e-05 3.7978702985081206e-05 0.0000000000000000e+00 -1.4284588410129473e-04 3.3359999999999999e+01
4.1566367107413487e-05 4.0810181181037740e-05 0.0000000000000000e+00 -1.4510413873058958e-04 3.3600000000000001e+01
4.1146469460086191e-05 4.3633098017804492e-05 0.0000000000000000e+00 -1.4750715792000157e-04 3.3839999999999996e+01
4.0475132657055704e-05 4.6709396836027841e-05 0.0000000000000000e+00 -1.4991211993553577e-04 3.4079999999999998e+01
4.1149186534709203e-05 4.8857105639780984e-05 0.0000000000000000e+00 -1.5273388261682896e-04 3.4320000000000000e+01
4.3154015642478443e-05 4.9914514714513412e-05 0.0000000000000000e+00 -1.5579612079941185e-04 3.4560000000000002e+01
4.5683269780475421e-05 5.0765845800928406e-05 0.0000000000000000e+00 -1.5917670602338951e-04 3.4799999999999997e+01
4.8896265926638092e-05 5.1264072585138525e-05 0.0000000000000000e+00 -1.6288792895391424e-04 3.5039999999999999e+01
5.2932484015093481e-05 5.1043668940874460e-05 0.0000000000000000e+00 -1.6670374339766703e-04 3.5280000000000001e+01
5.8130661895726787e-05 4.9925080907500420e-05 0.0000000000000000e+00 -1.7078333324516137e-04 3.5519999999999996e+01
6.2408904055996761e-05 4.9744392029375207e-05 0.0000000000000000e+00 -1.7488088652806155e-04 3.5759999999999998e+01
6.6158625226145026e-05 5.0293646681138483e-05 0.0000000000000000e+00 -1.7917986234894379e-04 3.6000000000000000e+01
6.8903225065491391e-05 5.1698930948032508e-05 0.0000000000000000e+00 -1.8332974645574041e-04 3.6240000000000002e+01
7.0742174133762688e-05 5.4035537112608398e-05 0.0000000000000000e+00 -1.8750530168820667e-04 3.6479999999999997e+01
7.2314927966589732e-05 5.6620910802373846e-05 0.0000000000000000e+00 -1.9166342921095314e-04 3.6719999999999999e+01
7.1863932149289221e-05 6.1010186367254474e-05 0.0000000000000000e+00 -1.9560170895838169e-04 3.6960000000000001e+01
7.0890710917152235e-05 6.6023670206240021e-05 0.0000000000000000e+00 -1.9964197156552288e-04 3.7199999999999996e+01
7.1427652594240507e-05 6.9696703509410671e-05 0.0000000000000000e+00 -2.0385194654526373e-04 3.7439999999999998e+01
7.1912494237822664e-05 7.3558807841064594e-05 0.0000000000000000e+00 -2.0819889252066126e-04 3.7680000000000000e+01
7.2257058712073841e-05 7.7831134340561849e-05 0.0000000000000000e+00 -2.1281578349441332e-04 3.7920000000000002e+01
7.3480430060100576e-05 8.1664195646656952e-05 0.0000000000000000e+00 -2.1787221614855135e-04 3.8159999999999997e+01
7.6543871726711095e-05 8.4070905690157230e-05 0.0000000000000000e+00 -2.2334236785859218e-04 3.8399999999999999e+01
8.1635654462817070e-05 8.4869919199187567e-05 0.0000000000000000e+00 -2.2923316410383698e-04 3.8640000000000001e+01
8.7152385887210405e-05 8.5693701725176319e-05 0.0000000000000000e+00 -2.3557367805415730e-04 3.8879999999999995e+01
9.3784162225815431e-05 8.5954243220051776e-05 0.0000000000000000e+00 -2.4246599588728657e-04 3.9119999999999997e+01
1.0076882580994648e-04 8.6158614269658953e-05 0.0000000000000000e+00 -2.4965503052065685e-04 3.9359999999999999e+01
1.0686508878439391e-04 8.7361096219274023e-05 0.0000000000000000e+00 -2.5695377544487918e-04 3.9600000000000001e+01
1.1265261338777145e-04 8.8982581115965077e-05 0.0000000000000000e+00 -2.6436278494501586e-04 3.9839999999999996e+01
1.1688673703853515e-04 9.2232497603896084e-05 0.0000000000000000e+00 -2.7184682508418767e-04 4.0079999999999998e+01
1.1950820986295751e-04 9.7015291697126542e-05 0.0000000000000000e+00 -2.7925109200177545e-04 4.0320000000000000e+01
1.2223337102561173e-04 1.0167002238322577e-04 0.0000000000000000e+00 -2.8663098385051100e-04 4.0559999999999995e+01
1.2389420868943814e-04 1.0741796316428389e-04 0.0000000000000000e+00 -2.9403976229436246e-04 4.0799999999999997e+01
1.2361878970931585e-04 1.1508485387656299e-04 0.0000000000000000e+00 -3.0143123402681660e-04 4.1039999999999999e+01
1.2416432473663091e-04 1.2227146214640271e-04 0.0000000000000000e+00 -3.0916337732400656e-04 4.1280000000000001e+01
1.2591932333096630e-04 1.2863469675503323e-04 0.0000000000000000e+00 -3.1728161052679837e-04 4.1519999999999996e+01
1.2821129989424047e-04 1.3484058382536135e-04 0.0000000000000000e+00 -3.2577947416090325e-04 4.1759999999999998e+01
1.3229567213872894e-04 1.3985319562963245e-04 0.0000000000000000e+00 -3.3487645820962086e-04 4.2000000000000000e+01
1.3821554334498041e-04 1.4382440669415093e-04 0.0000000000000000e+00 -3.4476754048018421e-04 4.2239999999999995e+01
1.4631214578227997e-04 1.4624780475264645e-04 0.0000000000000000e+00 -3.5528754097646775e-04 4.2479999999999997e+01
1.5644641099851370e-04 1.4738538612766439e-04 0.0000000000000000e+00 -3.6655938756724460e-04 4.2719999999999999e+01
1.6620718957069798e-04 1.4951444652731941e-04 0.0000000000000000e+00 -3.7844922653929025e-04 4.2960000000000001e+01
1.7587490920858767e-04 1.5225772511109545e-04 0.0000000000000000e+00 -3.9086022476064741e-04 4.3199999999999996e+01
1.8567647501777741e-04 1.5511282129684653e-04 0.0000000000000000e+00 -4.0351688675532849e-04 4.3439999999999998e+01
1.9467237763115861e-04 1.5898802286678666e-04 0.0000000000000000e+00 -4.1638799093890455e-04 4.3680000000000000e+01
2.0234565915698181e-04 1.6423138708244014e-04 0.0000000000000000e+00 -4.2930463667989471e-04 4.3920000000000002e+01
2.0762565510485894e-04 1.7214053459605215e-04 0.0000000000000000e+00 -4.4249378014127316e-04 4.4159999999999997e+01
2.1128074128639728e-04 1.8164646296551373e-04 0.0000000000000000e+00 -4.5565479469300563e-04 4.4399999999999999e+01
2.1452190675309908e-04 1.9170808017030791e-04 0.0000000000000000e+00 -4.6895757736375998e-04 4.4640000000000001e+01
2.1685940305205058e-04 2.0307035127476309e-04 0.0000000000000000e+00 -4.8265734476715672e-04 4.4879999999999995e+01
2.1938959380843039e-04 2.1470233223109175e-04 0.0000000000000000e+00 -4.9681951647984057e-04 4.5119999999999997e+01
2.2345524374983941e-04 2.2529077164129197e-04 0.0000000000000000e+00 -5.1147360583181367e-04 4.5359999999999999e+01
2.2947940760936820e-04 2.3476341663471352e-04 0.0000000000000000e+00 -5.2697041468396932e-04 4.5600000000000001e+01
2.3825151238074252e-04 2.4247239295780785e-04 0.0000000000000000e+00 -5.4345149577894603e-04 4.5839999999999996e+01
2.4860220801206005e-04 2.4952259148777170e-04 0.0000000000000000e+00 -5.6085238994008080e-04 4.6079999999999998e+01
2.6106830846735392e-04 2.5548564911761866e-04 0.0000000000000000e+00 -5.7928154802500131e-04 4.6320000000000000e+01
2.7678961562547225e-04 2.5946187104306629e-04 0.0000000000000000e+00 -5.9897907710926290e-04 4.6559999999999995e+01
2.9295108043204835e-04 2.6381546457651000e-04 0.0000000000000000e+00 -6.1949413544892806e-04 4.6799999999999997e+01
3.0917466882526270e-04 2.6895284799893679e-04 0.0000000000000000e+00 -6.4085510726474837e-04 4.7039999999999999e+01
3.2494088312919240e-04 2.7517067066445359e-04 0.0000000000000000e+00 -6.6283914423381773e-04 4.7280000000000001e+01
3.3877287413237617e-04 2.8389572883740025e-04 0.0000000000000000e+00 -6.8539619340990399e-04 4.7519999999999996e+01
3.5165186340091763e-04 2.9384966590727583e-04 0.0000000000000000e+00 -7.0822911974866010e-04 4.7759999999999998e+01
3.6191043845824964e-04 3.0670834754147411e-04 0.0000000000000000e+00 -7.3134637644023393e-04 4.8000000000000000e+01
3.6809559661830677e-04 3.2395330131513179e-04 0.0000000000000000e+00 -7.5477648837352085e-04 4.8239999999999995e+01
3.7530566997320597e-04 3.4062005562569397e-04 0.0000000000000000e+00 -7.7865331603854671e-04 4.8479999999999997e+01
3.8261251669399320e-04 3.5774427729686419e-04 0.0000000000000000e+00 -8.0308438443110752e-04 4.8719999999999999e+01
3.8911713843669139e-04 3.7646054205677968e-04 0.0000000000000000e+00 -8.2830527093369355e-04 4.8960000000000001e+01
3.9865398181558956e-04 3.9329652165501639e-04 0.0000000000000000e+00 -8.5467809391026606e-04 4.9199999999999996e+01
4.0991188836223544e-04 4.0976421100604241e-04 0.0000000000000000e+00 -8.8240368980807560e-04 4.9439999999999998e+01
4.2406128653485269e-04 4.2468977063271895e-04 0.0000000000000000e+00 -9.1147864760743325e-04 4.9680000000000000e+01
4.4351027295465469e-04 4.3611299723924116e-04 0.0000000000000000e+00 -9.4235086063299001e-04 4.9920000000000002e+01
4.6505674758452146e-04 4.4694051046146254e-04 0.0000000000000000e+00 -9.7472484848593055e-04 5.0159999999999997e+01
4.8904720688346820e-04 4.5695185857886033e-04 0.0000000000000000e+00 -1.0087266559020147e-03 5.0399999999999999e+01
5.1519933947642596e-04 4.6616650583473083e-04 0.0000000000000000e+00 -1.0440934357507370e-03 5.0640000000000001e+01
5.4198054407740212e-04 4.7624661745462182e-04 0.0000000000000000e+00 -1.0809547519716745e-03 5.0879999999999995e+01
5.6683141838730772e-04 4.8931444698852228e-04 0.0000000000000000e+00 -1.1188734558154056e-03 5.1119999999999997e+01
5.8917465019181579e-04 5.0557262875201175e-04 0.0000000000000000e+00 -1.1574748693827797e-03 5.1359999999999999e+01
6.1005484766288353e-04 5.2417278740416200e-04 0.0000000000000000e+00 -1.1969552255066684e-03 5.1600000000000001e+01
6.2772303206330606e-04 5.4656353865481370e-04 0.0000000000000000e+00 -1.2370141611579566e-03 5.1839999999999996e+01
6.4313919941435833e-04 5.7198771589324240e-04 0.0000000000000000e+00 -1.2778545057470225e-03 5.2079999999999998e+01
6.5802140020070022e-04 5.9887622280837887e-04 0.0000000000000000e+00 -1.3196252134484165e-03 5.2320000000000000e+01
6.7131946108076523e-04 6.2853262660808281e-04 0.0000000000000000e+00 -1.3625796781278066e-03 5.2559999999999995e+01
6.8588567368868124e-04 6.5813977605770223e-04 0.0000000000000000e+00 -1.4067530401853379e-03 5.2799999999999997e+01
7.0447826831941999e-04 6.8576134866211536e-04 0.0000000000000000e+00 -1.4529672074208300e-03 5.3039999999999999e+01
7.2509859760063041e-04 7.1337338764830061e-04 0.0000000000000000e+00 -1.5011995756877283e-03 5.3280000000000001e+01
7.5082196067070546e-04 7.3812522188774436e-04 0.0000000000000000e+00 -1.5516747729973357e-03 5.3519999999999996e+01
7.8310811074427098e-04 7.5876726823832807e-04 0.0000000000000000e+00 -1.6046029694218866e-03 5.3759999999999998e+01
8.1835536019036798e-04 7.7907693559132931e-04 0.0000000000000000e+00 -1.6601598862200362e-03 5.4000000000000000e+01
8.5647688502098066e-04 7.9892202023824519e-04 0.0000000000000000e+00 -1.7181264956982467e-03 5.4239999999999995e+01
8.9790838465575386e-04 8.1759509530467762e-04 0.0000000000000000e+00 -1.7782310703990944e-03 5.4479999999999997e+01
9.3869239718205957e-04 8.3881430928316690e-04 0.0000000000000000e+00 -1.8402342969043861e-03 5.4719999999999999e+01
9.7840346433480160e-04 8.6316139823028836e-04 0.0000000000000000e+00 -1.9042924530041638e-03 5.4960000000000001e+01
1.0170437897613731e-03 8.9002447401165144e-04 0.0000000000000000e+00 -1.9697958542117533e-03 5.5199999999999996e+01
1.0511607466724749e-03 9.2259399064200743e-04 0.0000000000000000e+00 -2.0364823277534416e-03 5.5439999999999998e+01
1.0817871987358525e-03 9.6023487349269757e-04 0.0000000000000000e+00 -2.1047496626673823e-03 5.5680000000000000e+01
1.1110006437568044e-03 1.0007500385171820e-03 0.0000000000000000e+00 -2.1744782727124434e-03 5.5919999999999995e+01
1.1375519702579227e-03 1.0453903841728947e-03 0.0000000000000000e+00 -2.2456699448689665e-03 5.6159999999999997e+01
1.1638208092041090e-03 1.0923137176553669e-03 0.0000000000000000e+00 -2.3188621172975932e-03 5.6399999999999999e+01
1.1931919717463393e-03 1.1383750822751514e-03 0.0000000000000000e+00 -2.3942946444601709e-03 5.6640000000000001e+01
1.2259162662069329e-03 1.1838084915698588e-03 0.0000000000000000e+00 -2.4724523482153593e-03 5.6879999999999995e+01
1.2635573213271741e-03 1.2277796220201197e-03 0.0000000000000000e+00 -2.5540645337849277e-03 5.7119999999999997e+01
1.3081274570444969e-03 1.2682291868822632e-03 0.0000000000000000e+00 -2.6390842343650966e-03 5.7359999999999999e+01
1.3591918435620636e-03 1.3057913878521993e-03 0.0000000000000000e+00 -2.7277108218526358e-03 5.7599999999999994e+01
1.4149431164221259e-03 1.3423790531560792e-03 0.0000000000000000e+00 -2.8200497600170404e-03 5.7839999999999996e+01
1.4754450368767167e-03 1.3776925798206570e-03 0.0000000000000000e+00 -2.9158652071352709e-03 5.8079999999999998e+01
1.5394962639727855e-03 1.4127737598724991e-03 0.0000000000000000e+00 -3.0149976142828105e-03 5.8320000000000000e+01
1.6031409867892201e-03 1.4512535364954956e-03 0.0000000000000000e+00 -3.1171221137222815e-03 5.8559999999999995e+01
1.6660636001008080e-03 1.4933574497227027e-03 0.0000000000000000e+00 -3.2221486402610466e-03 5.8799999999999997e+01
1.7265317818718376e-03 1.5403250867420462e-03 0.0000000000000000e+00 -3.3295844590517376e-03 5.9039999999999999e+01
1.7814621588488424e-03 1.5947440301933022e-03 0.0000000000000000e+00 -3.4389337794793473e-03 5.9280000000000001e+01
1.8328640932669042e-03 1.6551145628891611e-03 0.0000000000000000e+00 -3.5507062465938155e-03 5.9519999999999996e+01
1.8825656923723779e-03 1.7196006319373390e-03 0.0000000000000000e+00 -3.6648939147476689e-03 5.9759999999999998e+01
1.9296223055159437e-03 1.7893578458334854e-03 0.0000000000000000e+00 -3.7817077417874323e-03 6.0000000000000000e+01
1.9768044194612517e-03 1.8620759067659676e-03 0.0000000000000000e+00 -3.9016079166647177e-03 6.0239999999999995e+01
2.0279481617788801e-03 1.9344594037636318e-03 0.0000000000000000e+00 -4.0251351559803528e-03 6.0479999999999997e+01
2.0839084503413161e-03 2.0061980616480389e-03 0.0000000000000000e+00 -4.1528341024275051e-03 6.0719999999999999e+01
2.1473730735330435e-03 2.0750371156346243e-03 0.0000000000000000e+00 -4.2851377796053747e-03 6.0960000000000001e+01
2.2195800247192194e-03 2.1401367201809929e-03 0.0000000000000000e+00 -4.4224443353375609e-03 6.1199999999999996e+01
2.2992041162810317e-03 2.2032775216114381e-03 0.0000000000000000e+00 -4.5652092283299250e-03 6.1439999999999998e+01
2.3859975409501639e-03 2.2641741202412890e-03 0.0000000000000000e+00 -4.7128992516294321e-03 6.1680000000000000e+01
2.4787590485537102e-03 2.3238820985977716e-03 0.0000000000000000e+00 -4.8653687375892485e-03 6.1919999999999995e+01
2.5754893621829922e-03 2.3844503948246857e-03 0.0000000000000000e+00 -5.0226673474447203e-03 6.2159999999999997e+01
2.6720114347300256e-03 2.4495061345239013e-03 0.0000000000000000e+00 -5.1842451596910699e-03 6.2399999999999999e+01
2.7664894742785093e-03 2.5202803899445911e-03 0.0000000000000000e+00 -5.3494974546604013e-03 6.2640000000000001e+01
2.8579231168951460e-03 2.5973299651254698e-03 0.0000000000000000e+00 -5.5179806724585667e-03 6.2879999999999995e+01
2.9435256014197705e-03 2.6834405497281931e-03 0.0000000000000000e+00 -5.6896937415860105e-03 6.3119999999999997e+01
3.0242808898644866e-03 2.7774674097297792e-03 0.0000000000000000e+00 -5.8644758900314731e-03 6.3359999999999999e+01
3.1024000970217586e-03 2.8775618316976290e-03 0.0000000000000000e+00 -6.0426895191565411e-03 6.3599999999999994e+01
3.1786237771507797e-03 2.9831603176023978e-03 0.0000000000000000e+00 -6.2245116851895599e-03 6.3839999999999996e+01
3.2565983445740211e-03 3.0912914639170891e-03 0.0000000000000000e+00 -6.4106173989282311e-03 6.4079999999999998e+01
3.3388828002862787e-03 3.2001153400751233e-03 0.0000000000000000e+00 -6.6017257307988686e-03 6.4319999999999993e+01
3.4269931278375614e-03 3.3085193223246758e-03 0.0000000000000000e+00 -6.7982400405994792e-03 6.4560000000000002e+01
3.5255712928111992e-03 3.4125489174919102e-03 0.0000000000000000e+00 -7.0008478007403951e-03 6.4799999999999997e+01
3.6349202908085229e-03 3.5120253412785967e-03 0.0000000000000000e+00 -7.2096732225244153e-03 6.5039999999999992e+01
3.7531958613500017e-03 3.6091568020101207e-03 0.0000000000000000e+00 -7.4250802537969562e-03 6.5280000000000001e+01
3.8808543596549989e-03 3.7032177880405625e-03 0.0000000000000000e+00 -7.6467997381324260e-03 6.5519999999999996e+01
4.0154706962634706e-03 3.7963689035585843e-03 0.0000000000000000e+00 -7.8745671902589187e-03 6.5759999999999991e+01
4.1524522138164394e-03 3.8923354587144278e-03 0.0000000000000000e+00 -8.1075152629677127e-03 6.6000000000000000e+01
4.2897801897742987e-03 3.9927467868817275e-03 0.0000000000000000e+00 -8.3452545670925637e-03 6.6239999999999995e+01
4.4240342009478073e-03 4.1004004758307018e-03 0.0000000000000000e+00 -8.5871622672153425e-03 6.6480000000000004e+01
4.5522518554041652e-03 4.2177571413556277e-03 0.0000000000000000e+00 -8.8327365871960772e-03 6.6719999999999999e+01
4.6748337604776320e-03 4.3444239993324241e-03 0.0000000000000000e+00 -9.0819853502466241e-03 6.6959999999999994e+01
4.7922237242017454e-03 4.4796193587894034e-03 0.0000000000000000e+00 -9.3345706734278000e-03 6.7200000000000003e+01
4.9041903291794789e-03 4.6236446946284517e-03 0.0000000000000000e+00 -9.5905626142445133e-03 6.7439999999999998e+01
5.0139825394632884e-03 4.7740459176689298e-03 0.0000000000000000e+00 -9.8507560475684652e-03 6.7679999999999993e+01
5.1269308308197073e-03 4.9260560570721281e-03 0.0000000000000000e+00 -1.0115714478328153e-02 6.7920000000000002e+01
5.2443977090855919e-03 5.0786553750752951e-03 0.0000000000000000e+00 -1.0385780674597500e-02 6.8159999999999997e+01
5.3698359500044500e-03 5.2293426494567068e-03 0.0000000000000000e+00 -1.0661906189897374e-02 6.8399999999999991e+01
5.5080105126527213e-03 5.3736124080000103e-03 0.0000000000000000e+00 -1.0944350511088885e-02 6.8640000000000001e+01
5.6584838466256539e-03 5.5123853282519741e-03 0.0000000000000000e+00 -1.1233596765313880e-02 6.8879999999999995e+01
5.8191156897483649e-03 5.6474181332260495e-03 0.0000000000000000e+00 -1.1529261413410818e-02 6.9120000000000005e+01
5.9897874586659445e-03 5.7786401480229115e-03 0.0000000000000000e+00 -1.1831155197124410e-02 6.9359999999999999e+01
6.1663611271065332e-03 5.9095169919408178e-03 0.0000000000000000e+00 -1.2138605709482997e-02 6.9599999999999994e+01
6.3455776092066363e-03 6.0428407837723724e-03 0.0000000000000000e+00 -1.2451145983415346e-02 6.9840000000000003e+01
6.5240696996117023e-03 6.1806634956894056e-03 0.0000000000000000e+00 -1.2767460785736873e-02 7.0079999999999998e+01
6.6967771592711493e-03 6.3276515950576179e-03 0.0000000000000000e+00 -1.3087156344764983e-02 7.0319999999999993e+01
6.8612961905230082e-03 6.4855732396302112e-03 0.0000000000000000e+00 -1.3409597020589192e-02 7.0560000000000002e+01
7.0179628093825792e-03 6.6536278828979254e-03 0.0000000000000000e+00 -1.3734318282715874e-02 7.0799999999999997e+01
7.1667290570652780e-03 6.8317713553634422e-03 0.0000000000000000e+00 -1.4061228002864468e-02 7.1039999999999992e+01
7.3081661048124621e-03 7.0196271903890349e-03 0.0000000000000000e+00 -1.4390520885637859e-02 7.1280000000000001e+01
7.4466110018769106e-03 7.2128306447261908e-03 0.0000000000000000e+00 -1.4722169237038729e-02 7.1519999999999996e+01
7.5877160775048667e-03 7.4068693638084122e-03 0.0000000000000000e+00 -1.5057313031749731e-02 7.1759999999999991e+01
7.7345224655200329e-03 7.5992306367510983e-03 0.0000000000000000e+00 -1.5396480692707160e-02 7.2000000000000000e+01
7.8897987077646160e-03 7.7874588371277679e-03 0.0000000000000000e+00 -1.5739985135328372e-02 7.2239999999999995e+01
8.0567809879047419e-03 7.9686241966903052e-03 0.0000000000000000e+00 -1.6088132775030628e-02 7.2480000000000004e+01
8.2366118829612159e-03 8.1416923608824427e-03 0.0000000000000000e+00 -1.6441031834279141e-02 7.2719999999999999e+01
8.4272717609668799e-03 8.3082278965937971e-03 0.0000000000000000e+00 -1.6798227247996067e-02 7.2959999999999994e+01
8.6277408363061893e-03 8.4689485442270545e-03 0.0000000000000000e+00 -1.7159416970968788e-02 7.3200000000000003e+01
8.8337866684092270e-03 8.6271437102589735e-03 0.0000000000000000e+00 -1.7523657969103823e-02 7.3439999999999998e+01
9.0402527886752123e-03 8.7869909763702032e-03 0.0000000000000000e+00 -1.7889971355480760e-02 7.3679999999999993e+01
9.2428269915255674e-03 8.9513693061827569e-03 0.0000000000000000e+00 -1.8256923888143595e-02 7.3920000000000002e+01
9.4376302287933339e-03 9.1237386326684187e-03 0.0000000000000000e+00 -1.8624096451896888e-02 7.4159999999999997e+01
9.6202011438841634e-03 9.3073761323402837e-03 0.0000000000000000e+00 -1.8990304866659979e-02 7.4399999999999991e+01
9.7902949731770439e-03 9.5019349262785158e-03 0.0000000000000000e+00 -1.9354957489890356e-02 7.4640000000000001e+01
9.9504207846303431e-03 9.7049749871001185e-03 0.0000000000000000e+00 -1.9718123362165274e-02 7.4879999999999995e+01
1.0101289198649640e-02 9.9157390241082707e-03 0.0000000000000000e+00 -2.0079755813192879e-02 7.5119999999999990e+01
1.0246103402422130e-02 1.0131444721931733e-02 0.0000000000000000e+00 -2.0440275714788569e-02 7.5359999999999999e+01
1.0390457526908042e-02 1.0346721349390351e-02 0.0000000000000000e+00 -2.0799906466734130e-02 7.5599999999999994e+01
1.0538835685744558e-02 1.0557466182711292e-02 0.0000000000000000e+00 -2.1159029458890810e-02 7.5840000000000003e+01
1.0695289169570906e-02 1.0760160747481772e-02 0.0000000000000000e+00 -2.1518177507487968e-02 7.6079999999999998e+01
1.0862266705001573e-02 1.0952411800949352e-02 0.0000000000000000e+00 -2.1877406096385998e-02 7.6319999999999993e+01
1.1040297106650316e-02 1.1133483936559000e-02 0.0000000000000000e+00 -2.2236508633644680e-02 7.6560000000000002e+01
1.1229062759299406e-02 1.1303340568812954e-02 0.0000000000000000e+00 -2.2595130918546591e-02 7.6799999999999997e+01
1.1425733520127167e-02 1.1463793254171782e-02 0.0000000000000000e+00 -2.2952254364734026e-02 7.7039999999999992e+01
1.1625596567942606e-02 1.1618773141892127e-02 0.0000000000000000e+00 -2.3307097300268920e-02 7.7280000000000001e+01
1.1822540534342105e-02 1.1773068642002754e-02 0.0000000000000000e+00 -2.3658336766779531e-02 7.7519999999999996e+01
1.2012242310776543e-02 1.1930096826109581e-02 0.0000000000000000e+00 -2.4005066727320612e-02 7.7759999999999991e+01
1.2190870609920818e-02 1.2092319958855830e-02 0.0000000000000000e+00 -2.4345918159211610e-02 7.8000000000000000e+01
1.2354441559483009e-02 1.2263049053466951e-02 0.0000000000000000e+00 -2.4680218203384507e-02 7.8239999999999995e+01
1.2501479471729927e-02 1.2443155762760783e-02 0.0000000000000000e+00 -2.5007362824925217e-02 7.8480000000000004e+01
1.2633188601978124e-02 1.2631015054724732e-02 0.0000000000000000e+00 -2.5326931247137363e-02 7.8719999999999999e+01
1.2752066299359415e-02 1.2824462478284206e-02 0.0000000000000000e+00 -2.5639256368077845e-02 7.8959999999999994e+01
1.2862281870231708e-02 1.3019614830798519e-02 0.0000000000000000e+00 -2.5944624291464491e-02 7.9200000000000003e+01
1.2968698650316159e-02 1.3211962209141462e-02 0.0000000000000000e+00 -2.6243388449891825e-02 7.9439999999999998e+01
1.3074754289415316e-02 1.3398261173269810e-02 0.0000000000000000e+00 -2.6535743053119454e-02 7.9679999999999993e+01
1.3188147056493247e-02 1.3571369036927579e-02 0.0000000000000000e+00 -2.6822243683854996e-02 7.9920000000000002e+01
1.3311143867927207e-02 1.3728727499517715e-02 0.0000000000000000e+00 -2.7102598957879254e-02 8.0159999999999997e+01
1.3441143881353708e-02 1.3873085604691596e-02 0.0000000000000000e+00 -2.7376957076479469e-02 8.0399999999999991e+01
1.3580739532018125e-02 1.4001251844066623e-02 0.0000000000000000e+00 -2.7644718966518989e-02 8.0640000000000001e+01
1.3726752048172839e-02 1.4115455341522851e-02 0.0000000000000000e+00 -2.7904934980129692e-02 8.0879999999999995e+01
1.3872236697322930e-02 1.4221777697443937e-02 0.0000000000000000e+00 -2.8156741985200906e-02 8.1119999999999990e+01
1.4014449788161069e-02 1.4322000019784696e-02 0.0000000000000000e+00 -2.8399177398380049e-02 8.1359999999999999e+01
1.4146230474655658e-02 1.4421576035503546e-02 0.0000000000000000e+00 -2.8630534100593019e-02 8.1599999999999994e+01
1.4262513482686074e-02 1.4525389414849937e-02 0.0000000000000000e+00 -2.8850630487970097e-02 8.1840000000000003e+01
1.4362210584004760e-02 1.4633556409393267e-02 0.0000000000000000e+00 -2.9058494583832140e-02 8.2079999999999998e+01
1.4442839918024735e-02 1.4747881774227827e-02 0.0000000000000000e+00 -2.9253449282686805e-02 8.2319999999999993e+01
1.4502484713029846e-02 1.4870677879821831e-02 0.0000000000000000e+00 -2.9435890183285851e-02 8.2560000000000002e+01
1.4546328922979173e-02 1.4997005594492335e-02 0.0000000000000000e+00 -2.9606062107905062e-02 8.2799999999999997e+01
1.4580604106820376e-02 1.5121320857044920e-02 0.0000000000000000e+00 -2.9764652554298721e-02 8.3039999999999992e+01
1.4607127771965723e-02 1.5242003637428229e-02 0.0000000000000000e+00 -2.9911858999827290e-02 8.3280000000000001e+01
1.4632677326419503e-02 1.5353274771548318e-02 0.0000000000000000e+00 -3.0048679688402080e-02 8.3519999999999996e+01
1.4663973709759756e-02 1.5449014125977888e-02 0.0000000000000000e+00 -3.0175715426171479e-02 8.3759999999999991e+01
1.4701476652655256e-02 1.5528717885196911e-02 0.0000000000000000e+00 -3.0292922128285715e-02 8.4000000000000000e+01
1.4746880060628596e-02 1.5590676371676344e-02 0.0000000000000000e+00 -3.0400284022738422e-02 8.4239999999999995e+01
1.4800269716991301e-02 1.5634894480680058e-02 0.0000000000000000e+00 -3.0497891788105136e-02 8.4479999999999990e+01
1.4857929418973891e-02 1.5664436843955146e-02 0.0000000000000000e+00 -3.0585093853363166e-02 8.4719999999999999e+01
1.4916478937666693e-02 1.5681939220005194e-02 0.0000000000000000e+00 -3.0661145748105190e-02 8.4959999999999994e+01
1.4970488455658792e-02 1.5691774272301270e-02 0.0000000000000000e+00 -3.0724990318393486e-02 8.5200000000000003e+01
1.5013453788258774e-02 1.5699993939601847e-02 0.0000000000000000e+00 -3.0776175318294019e-02 8.5439999999999998e+01
1.5039708421246875e-02 1.5711444137789264e-02 0.0000000000000000e+00 -3.0813880149469286e-02 8.5679999999999993e+01
1.5048760091953639e-02 1.5726513771781973e-02 0.0000000000000000e+00 -3.0838001454169151e-02 8.5920000000000002e+01
1.5038521313468925e-02 1.5747142965324683e-02 0.0000000000000000e+00 -3.0848391869226610e-02 8.6159999999999997e+01
1.5006620775254264e-02 1.5776197197003475e-02 0.0000000000000000e+00 -3.0845545562691257e-02 8.6399999999999991e+01
1.4958694715923031e-02 1.5808530456452675e-02 0.0000000000000000e+00 -3.0829952762808865e-02 8.6640000000000001e+01
1.4899693630534793e-02 1.5839987155243797e-02 0.0000000000000000e+00 -3.0802408376211954e-02 8.6879999999999995e+01
1.4832970620292509e-02 1.5868027572874130e-02 0.0000000000000000e+00 -3.0763725783599316e-02 8.7119999999999990e+01
1.4766375997183615e-02 1.5885225437585332e-02 0.0000000000000000e+00 -3.0714329025201437e-02 8.7359999999999999e+01
1.4702146128097712e-02 1.5891208570686356e-02 0.0000000000000000e+00 -3.0656082289216791e-02 8.7599999999999994e+01
1.4642467195783838e-02 1.5883040712103679e-02 0.0000000000000000e+00 -3.0588235498320016e-02 8.7840000000000003e+01
1.4596007692189630e-02 1.5852946004359186e-02 0.0000000000000000e+00 -3.0511681286981895e-02 8.8079999999999998e+01
1.4556278683868308e-02 1.5807067720612487e-02 0.0000000000000000e+00 -3.0426073994913594e-02 8.8319999999999993e+01
1.4518950480490976e-02 1.5749170675171783e-02 0.0000000000000000e+00 -3.0330848746095151e-02 8.8560000000000002e+01
1.4486473001481905e-02 1.5676554717888251e-02 0.0000000000000000e+00 -3.0225755309802871e-02 8.8799999999999997e+01
1.4450209408058717e-02 1.5597129497673721e-02 0.0000000000000000e+00 -3.0110066496165322e-02 8.9039999999999992e+01
1.4403931939415757e-02 1.5517017256626287e-02 0.0000000000000000e+00 -2.9983676786473845e-02 8.9280000000000001e+01
1.4344996989364785e-02 1.5437888906896305e-02 0.0000000000000000e+00 -2.9845613486693789e-02 8.9519999999999996e+01
1.4268852338702280e-02 1.5364902039384475e-02 0.0000000000000000e+00 -2.9696481968519040e-02 8.9759999999999991e+01
1.4175196723071760e-02 1.5298427209661413e-02 0.0000000000000000e+00 -2.9536351523165028e-02 9.0000000000000000e+01
1.4065679100111906e-02 1.5237516537303344e-02 0.0000000000000000e+00 -2.9365923227847590e-02 9.0239999999999995e+01
1.3940741914646740e-02 1.5182560388517190e-02 0.0000000000000000e+00 -2.9186029893596421e-02 9.0479999999999990e+01
1.3802247167786540e-02 1.5132231953109237e-02 0.0000000000000000e+00 -2.8997206711328438e-02 9.0719999999999999e+01
1.3659100183783430e-02 1.5078970890965398e-02 0.0000000000000000e+00 -2.8800798665180816e-02 9.0959999999999994e+01
1.3518053118611678e-02 1.5016676835575402e-02 0.0000000000000000e+00 -2.8597457544619509e-02 9.1200000000000003e+01
1.3378494869439327e-02 1.4946605220066160e-02 0.0000000000000000e+00 -2.8387827679937194e-02 9.1439999999999998e+01
1.3245035245266981e-02 1.4864779045153544e-02 0.0000000000000000e+00 -2.8172541880852719e-02 9.1679999999999993e+01
1.3122841929240677e-02 1.4766037628907672e-02 0.0000000000000000e+00 -2.7951607148580138e-02 9.1920000000000002e+01
1.3008899484574838e-02 1.4653552802257870e-02 0.0000000000000000e+00 -2.7725179877265305e-02 9.2159999999999997e+01
1.2901366404682937e-02 1.4528816850395485e-02 0.0000000000000000e+00 -2.7492910845510199e-02 9.2399999999999991e+01
1.2798325887714415e-02 1.4393754771975541e-02 0.0000000000000000e+00 -2.7254808250122275e-02 9.2640000000000001e+01
1.2693713123121668e-02 1.4254414031888136e-02 0.0000000000000000e+00 -2.7010854745441737e-02 9.2879999999999995e+01
1.2586290381769564e-02 1.4111702123140136e-02 0.0000000000000000e+00 -2.6760720095341695e-02 9.3119999999999990e+01
1.2471899363722934e-02 1.3969476356419800e-02 0.0000000000000000e+00 -2.6504103310574401e-02 9.3359999999999999e+01
1.2343060782605955e-02 1.3835932806849041e-02 0.0000000000000000e+00 -2.6241721179886435e-02 9.3599999999999994e+01
1.2200078757898801e-02 1.3710944695416168e-02 0.0000000000000000e+00 -2.5973751043746773e-02 9.3840000000000003e+01
1.2045485904295442e-02 1.3592449303877542e-02 0.0000000000000000e+00 -2.5700662798604945e-02 9.4079999999999998e+01
1.1879702630881101e-02 1.3481432146628388e-02 0.0000000000000000e+00 -2.5423862367940808e-02 9.4319999999999993e+01
1.1704317814778622e-02 1.3376620981895512e-02 0.0000000000000000e+00 -2.5143666387105634e-02 9.4560000000000002e+01
1.1523870716954862e-02 1.3274351771715546e-02 0.0000000000000000e+00 -2.4860950079101940e-02 9.4799999999999997e+01
1.1344638016077331e-02 1.3168924305561540e-02 0.0000000000000000e+00 -2.4576289912069837e-02 9.5039999999999992e+01
1.1170102507016125e-02 1.3057876456528044e-02 0.0000000000000000e+00 -2.4290706553975250e-02 9.5280000000000001e+01
1.1001418004927521e-02 1.2940085493080917e-02 0.0000000000000000e+00 -2.4004231088439854e-02 9.5519999999999996e+01
1.0841790368736563e-02 1.2813203204671421e-02 0.0000000000000000e+00 -2.3717721163839522e-02 9.5759999999999991e+01
1.0692708563402573e-02 1.2675524375993437e-02 0.0000000000000000e+00 -2.3430960529827516e-02 9.6000000000000000e+01
1.0554617715312926e-02 1.2526530868778411e-02 0.0000000000000000e+00 -2.3143876174523070e-02 9.6239999999999995e+01
1.0423209283404129e-02 1.2370696492887048e-02 0.0000000000000000e+00 -2.2856633366722612e-02 9.6479999999999990e+01
1.0294350931362861e-02 1.2211788767963968e-02 0.0000000000000000e+00 -2.2568867289757488e-02 9.6719999999999999e+01
1.0167242074686257e-02 1.2050894899203888e-02 0.0000000000000000e+00 -2.2280864564321101e-02 9.6959999999999994e+01
1.0036777502118201e-02 1.1893102718190468e-02 0.0000000000000000e+00 -2.1992607810739973e-02 9.7200000000000003e+01
9.8997481257779643e-03 1.1741372286463958e-02 0.0000000000000000e+00 -2.1703848002673665e-02 9.7439999999999998e+01
9.7540160456716183e-03 1.1598887351222786e-02 0.0000000000000000e+00 -2.1415630987325018e-02 9.7679999999999993e+01
9.5983635565787713e-03 1.1467343580732453e-02 0.0000000000000000e+00 -2.1128434727742285e-02 9.7920000000000002e+01
9.4366366534408119e-03 1.1343178683085254e-02 0.0000000000000000e+00 -2.0842542926957419e-02 9.8159999999999997e+01
9.2687008600666511e-03 1.1227088377395736e-02 0.0000000000000000e+00 -2.0558516827893225e-02 9.8399999999999991e+01
9.0958714532524028e-03 1.1118796651286402e-02 0.0000000000000000e+00 -2.0277395694969558e-02 9.8640000000000001e+01
8.9233232469845998e-03 1.1013289245576386e-02 0.0000000000000000e+00 -1.9999340082991868e-02 9.8879999999999995e+01
8.7548562838223598e-03 1.0907610058021272e-02 0.0000000000000000e+00 -1.9725193932274454e-02 9.9119999999999990e+01
8.5937105388311959e-03 1.0798942777303670e-02 0.0000000000000000e+00 -1.9455380906564956e-02 9.9359999999999999e+01
8.4422005669443530e-03 1.0685072323639678e-02 0.0000000000000000e+00 -1.9190000481014380e-02 9.9599999999999994e+01
8.3002164940832891e-03 1.0566265159081639e-02 0.0000000000000000e+00 -1.8929209243595313e-02 9.9840000000000003e+01
8.1696826495678034e-03 1.0440955520133015e-02 0.0000000000000000e+00 -1.8673365760131455e-02 1.0008000000000000e+02
8.0499704015361759e-03 1.0309491363041995e-02 0.0000000000000000e+00 -1.8422189355008500e-02 1.0031999999999999e+02
7.9374104092203839e-03 1.0175542259950678e-02 0.0000000000000000e+00 -1.8175680259602256e-02 1.0056000000000000e+02
7.8294277130547298e-03 1.0041950632128496e-02 0.0000000000000000e+00 -1.7934105935613731e-02 1.0080000000000000e+02
7.7251267626999003e-03 9.9097877273675861e-03 0.0000000000000000e+00 -1.7697642080497955e-02 1.0103999999999999e+02
7.6210691822766827e-03 9.7825279606779877e-03 0.0000000000000000e+00 -1.7466324733385052e-02 1.0128000000000000e+02
7.5127242965831852e-03 9.6655859042152487e-03 0.0000000000000000e+00 -1.7241037791228653e-02 1.0152000000000000e+02
7.3993095907939153e-03 9.5596121078797038e-03 0.0000000000000000e+00 -1.7021649289103991e-02 1.0175999999999999e+02
7.2823317782719915e-03 9.4636143155367204e-03 0.0000000000000000e+00 -1.6808673684238995e-02 1.0200000000000000e+02
7.1612721196271005e-03 9.3786795458127448e-03 0.0000000000000000e+00 -1.6602679255870223e-02 1.0223999999999999e+02
7.0386585662832561e-03 9.3029160556434703e-03 0.0000000000000000e+00 -1.6404302212356781e-02 1.0247999999999999e+02
6.9153340363234863e-03 9.2357911854256750e-03 0.0000000000000000e+00 -1.6213852812178464e-02 1.0272000000000000e+02
6.7935858311517572e-03 9.1753712728125311e-03 0.0000000000000000e+00 -1.6031684694394421e-02 1.0295999999999999e+02
6.6803870343304182e-03 9.1150872470653829e-03 0.0000000000000000e+00 -1.5858201871825850e-02 1.0320000000000000e+02
6.5750960974264895e-03 9.0554964112919481e-03 0.0000000000000000e+00 -1.5693320099148478e-02 1.0344000000000000e+02
6.4783746361374607e-03 8.9963883192502262e-03 0.0000000000000000e+00 -1.5537490545817434e-02 1.0367999999999999e+02
6.3940000856980671e-03 8.9338750454600723e-03 0.0000000000000000e+00 -1.5390602721587765e-02 1.0392000000000000e+02
6.3223884741379476e-03 8.8680236702924353e-03 0.0000000000000000e+00 -1.5253139734859866e-02 1.0416000000000000e+02
6.2626713151932327e-03 8.7997579287783304e-03 0.0000000000000000e+00 -1.5125156834401743e-02 1.0439999999999999e+02
6.2116302158756308e-03 8.7325430788148910e-03 0.0000000000000000e+00 -1.5006900885120134e-02 1.0464000000000000e+02
6.1678872617240560e-03 8.6674141529708426e-03 0.0000000000000000e+00 -1.4898029005124602e-02 1.0488000000000000e+02
6.1298500789477382e-03 8.6065391797953746e-03 0.0000000000000000e+00 -1.4799116849172789e-02 1.0511999999999999e+02
6.0932013688304535e-03 8.5542057468600066e-03 0.0000000000000000e+00 -1.4710134706119815e-02 1.0536000000000000e+02
6.0584059719022507e-03 8.5106302497873487e-03 0.0000000000000000e+00 -1.4631763812118947e-02 1.0559999999999999e+02
6.0218805278180864e-03 8.4792758521504783e-03 0.0000000000000000e+00 -1.4563883970397873e-02 1.0583999999999999e+02
5.9817240926125365e-03 8.4622270036948787e-03 0.0000000000000000e+00 -1.4506678686736718e-02 1.0608000000000000e+02
5.9435018302742594e-03 8.4539887482822235e-03 0.0000000000000000e+00 -1.4460218168986350e-02 1.0631999999999999e+02
5.9040055873912020e-03 8.4578438172733545e-03 0.0000000000000000e+00 -1.4424576995093252e-02 1.0656000000000000e+02
5.8628757647434110e-03 8.4745296817826665e-03 0.0000000000000000e+00 -1.4400133036955864e-02 1.0680000000000000e+02
5.8270795857147039e-03 8.4967983834919446e-03 0.0000000000000000e+00 -1.4386605559636223e-02 1.0703999999999999e+02
5.7973502284027877e-03 8.5233940636249544e-03 0.0000000000000000e+00 -1.4383471882457144e-02 1.0728000000000000e+02
5.7748772317648949e-03 8.5536252747712982e-03 0.0000000000000000e+00 -1.4391230096965524e-02 1.0752000000000000e+02
5.7622998251607247e-03 8.5845130791718325e-03 0.0000000000000000e+00 -1.4409540494761952e-02 1.0775999999999999e+02
5.7595159710796835e-03 8.6152715193553928e-03 0.0000000000000000e+00 -1.4437515080864438e-02 1.0800000000000000e+02
5.7698374568935923e-03 8.6430306749568607e-03 0.0000000000000000e+00 -1.4475595722280188e-02 1.0823999999999999e+02
5.7930329552155456e-03 8.6676865059366406e-03 0.0000000000000000e+00 -1.4523447051581373e-02 1.0847999999999999e+02
5.8234182118496614e-03 8.6946325389108195e-03 0.0000000000000000e+00 -1.4580778341189315e-02 1.0872000000000000e+02
5.8615315526926379e-03 8.7232448422105008e-03 0.0000000000000000e+00 -1.4647503985331989e-02 1.0895999999999999e+02
5.9065089345097712e-03 8.7541423641555212e-03 0.0000000000000000e+00 -1.4723378889094363e-02 1.0920000000000000e+02
5.9534142040659176e-03 8.7916620348968653e-03 0.0000000000000000e+00 -1.4807803829392174e-02 1.0944000000000000e+02
6.0012188037556671e-03 8.8367047098282837e-03 0.0000000000000000e+00 -1.4900651104013063e-02 1.0967999999999999e+02
6.0475203876677562e-03 8.8913105539797123e-03 0.0000000000000000e+00 -1.5001558532076187e-02 1.0992000000000000e+02
6.0903526358314433e-03 8.9568946219364919e-03 0.0000000000000000e+00 -1.5109974848196428e-02 1.1016000000000000e+02
6.1293562168539366e-03 9.0329734512620587e-03 0.0000000000000000e+00 -1.5225057258544394e-02 1.1039999999999999e+02
6.1645621199919341e-03 9.1188894830957802e-03 0.0000000000000000e+00 -1.5346179193516107e-02 1.1064000000000000e+02
6.1966813954590638e-03 9.2130222001976514e-03 0.0000000000000000e+00 -1.5472431186085212e-02 1.1088000000000000e+02
6.2251869814027808e-03 9.3152573184909979e-03 0.0000000000000000e+00 -1.5603171890322676e-02 1.1111999999999999e+02
6.2562480520352137e-03 9.4186151741107414e-03 0.0000000000000000e+00 -1.5737590816574443e-02 1.1136000000000000e+02
6.2916038780115192e-03 9.5202617805127607e-03 0.0000000000000000e+00 -1.5874593248953017e-02 1.1159999999999999e+02
6.3270702354391983e-03 9.6235780341672791e-03 0.0000000000000000e+00 -1.6013375860034929e-02 1.1183999999999999e+02
6.3700160643722237e-03 9.7207987406043236e-03 0.0000000000000000e+00 -1.6153542395404896e-02 1.1208000000000000e+02
6.4221907105151592e-03 9.8086171698847386e-03 0.0000000000000000e+00 -1.6293535470828235e-02 1.1231999999999999e+02
6.4777789334339517e-03 9.8924629442751731e-03 0.0000000000000000e+00 -1.6432969468137104e-02 1.1256000000000000e+02
6.5390989895721145e-03 9.9689278856877790e-03 0.0000000000000000e+00 -1.6570754465688564e-02 1.1280000000000000e+02
6.6056747706064222e-03 1.0037927885258997e-02 0.0000000000000000e+00 -1.6706330246293311e-02 1.1303999999999999e+02
6.6715236249025658e-03 1.0104795132066078e-02 0.0000000000000000e+00 -1.6839046347397302e-02 1.1328000000000000e+02
6.7358676774309095e-03 1.0169395048778408e-02 0.0000000000000000e+00 -1.6967990316637538e-02 1.1352000000000000e+02
6.7971400539247381e-03 1.0232489250356072e-02 0.0000000000000000e+00 -1.7092356894708782e-02 1.1375999999999999e+02
6.8491044953791881e-03 1.0299802781591441e-02 0.0000000000000000e+00 -1.7211634867398740e-02 1.1400000000000000e+02
6.8912309636475384e-03 1.0370364195941929e-02 0.0000000000000000e+00 -1.7324322750017496e-02 1.1423999999999999e+02
6.9264182061200847e-03 1.0440865803293006e-02 0.0000000000000000e+00 -1.7430011599840922e-02 1.1447999999999999e+02
6.9479345594799470e-03 1.0516988278508155e-02 0.0000000000000000e+00 -1.7527650428416308e-02 1.1472000000000000e+02
6.9567104796251491e-03 1.0596828770942495e-02 0.0000000000000000e+00 -1.7616266840995154e-02 1.1495999999999999e+02
6.9601527321864719e-03 1.0672701681215745e-02 0.0000000000000000e+00 -1.7695582003830257e-02 1.1519999999999999e+02
6.9557161942895261e-03 1.0746096589080654e-02 0.0000000000000000e+00 -1.7764540373798487e-02 1.1544000000000000e+02
6.9450363645483515e-03 1.0814352330958491e-02 0.0000000000000000e+00 -1.7822116285934220e-02 1.1567999999999999e+02
6.9329907884161206e-03 1.0872133428329524e-02 0.0000000000000000e+00 -1.7867851807173762e-02 1.1592000000000000e+02
6.9204339455449654e-03 1.0918035155712002e-02 0.0000000000000000e+00 -1.7901196691684440e-02 1.1616000000000000e+02
6.9093798745871668e-03 1.0949899868516888e-02 0.0000000000000000e+00 -1.7922007333531997e-02 1.1639999999999999e+02
6.8991144953966565e-03 1.0967586898634953e-02 0.0000000000000000e+00 -1.7929428984459594e-02 1.1664000000000000e+02
6.8893752801967769e-03 1.0971239406867029e-02 0.0000000000000000e+00 -1.7923342277491816e-02 1.1688000000000000e+02
6.8779801897532675e-03 1.0962653716283178e-02 0.0000000000000000e+00 -1.7903361496463877e-02 1.1711999999999999e+02
6.8653778307058771e-03 1.0941548917825339e-02 0.0000000000000000e+00 -1.7869654338958929e-02 1.1736000000000000e+02
6.8511843365938498e-03 1.0908328287468724e-02 0.0000000000000000e+00 -1.7822240214489860e-02 1.1759999999999999e+02
6.8270518473054513e-03 1.0871429830069092e-02 0.0000000000000000e+00 -1.7761209267802336e-02 1.1783999999999999e+02
6.7927681561001114e-03 1.0831026240071543e-02 0.0000000000000000e+00 -1.7686521986599368e-02 1.1808000000000000e+02
6.7488340465424821e-03 1.0786847871956551e-02 0.0000000000000000e+00 -1.7598409508926549e-02 1.1831999999999999e+02
6.6904332736188246e-03 1.0744088842181684e-02 0.0000000000000000e+00 -1.7497249706227569e-02 1.1856000000000000e+02
6.6199949154803275e-03 1.0700588184727969e-02 0.0000000000000000e+00 -1.7383310690636034e-02 1.1880000000000000e+02
6.5400054234100481e-03 1.0654999261347914e-02 0.0000000000000000e+00 -1.7257732275185456e-02 1.1903999999999999e+02
6.4465280200651301e-03 1.0610923025644866e-02 0.0000000000000000e+00 -1.7120178636137018e-02 1.1928000000000000e+02
6.3474045206922429e-03 1.0561420700925469e-02 0.0000000000000000e+00 -1.6971552812044655e-02 1.1952000000000000e+02
6.2441955962783506e-03 1.0505103690363633e-02 0.0000000000000000e+00 -1.6812026877069286e-02 1.1975999999999999e+02
6.1333068861516684e-03 1.0446395286765935e-02 0.0000000000000000e+00 -1.6642429763344513e-02 1.2000000000000000e+02
6.0247860879945898e-03 1.0375744515268747e-02 0.0000000000000000e+00 -1.6463258193690322e-02 1.2023999999999999e+02
5.9202843566763487e-03 1.0291745904400096e-02 0.0000000000000000e+00 -1.6274757851503230e-02 1.2047999999999999e+02
5.8141846595437955e-03 1.0200939939463492e-02 0.0000000000000000e+00 -1.6077852189434472e-02 1.2072000000000000e+02
5.7130098623994381e-03 1.0097391348699570e-02 0.0000000000000000e+00 -1.5873128801525693e-02 1.2095999999999999e+02
5.6169476708558168e-03 9.9817464934182053e-03 0.0000000000000000e+00 -1.5661421754701088e-02 1.2119999999999999e+02
5.5206249632132123e-03 9.8604581357214574e-03 0.0000000000000000e+00 -1.5443810689361515e-02 1.2144000000000000e+02
5.4261015748090337e-03 9.7324929846679537e-03 0.0000000000000000e+00 -1.5221322149903571e-02 1.2167999999999999e+02
5.3310097351252795e-03 9.6010193772790194e-03 0.0000000000000000e+00 -1.4994756702831014e-02 1.2192000000000000e+02
5.2337060892832590e-03 9.4700283046607516e-03 0.0000000000000000e+00 -1.4766461984370594e-02 1.2216000000000000e+02
5.1336911109018590e-03 9.3405273049431432e-03 0.0000000000000000e+00 -1.4536946006272311e-02 1.2239999999999999e+02
5.0284651260922237e-03 9.2164868466943668e-03 0.0000000000000000e+00 -1.4307679563213105e-02 1.2264000000000000e+02
4.9195539979536278e-03 9.0982233673127019e-03 0.0000000000000000e+00 -1.4080504955692907e-02 1.2288000000000000e+02
4.8057377418057531e-03 8.9878753701442271e-03 0.0000000000000000e+00 -1.3856340702376846e-02 1.2311999999999999e+02
4.6882820566727691e-03 8.8857632428851578e-03 0.0000000000000000e+00 -1.3636772889984661e-02 1.2336000000000000e+02
4.5712546028845854e-03 8.7883401521980566e-03 0.0000000000000000e+00 -1.3422322345509219e-02 1.2359999999999999e+02
4.4538421640365608e-03 8.6976109338727584e-03 0.0000000000000000e+00 -1.3214180688335464e-02 1.2383999999999999e+02
4.3387735351402192e-03 8.6114469809604865e-03 0.0000000000000000e+00 -1.3012948106526645e-02 1.2408000000000000e+02
4.2307705365160209e-03 8.5256255161020571e-03 0.0000000000000000e+00 -1.2819123643044383e-02 1.2431999999999999e+02
4.1286300366794228e-03 8.4423448291205301e-03 0.0000000000000000e+00 -1.2633702456226192e-02 1.2456000000000000e+02
4.0338635450501894e-03 8.3602368002516723e-03 0.0000000000000000e+00 -1.2456827935727555e-02 1.2480000000000000e+02
3.9488164788497758e-03 8.2776708836629770e-03 0.0000000000000000e+00 -1.2289214952938998e-02 1.2503999999999999e+02
3.8730113923827990e-03 8.1959993771773716e-03 0.0000000000000000e+00 -1.2131738359985933e-02 1.2528000000000000e+02
3.8079978504597599e-03 8.1136143154111832e-03 0.0000000000000000e+00 -1.1984339756297091e-02 1.2552000000000000e+02
3.7544094481827381e-03 8.0316900163653771e-03 0.0000000000000000e+00 -1.1848827054974143e-02 1.2575999999999999e+02
3.7064267541026610e-03 7.9568240872509369e-03 0.0000000000000000e+00 -1.1725978431779582e-02 1.2600000000000000e+02
3.6661966237982293e-03 7.8876906442807912e-03 0.0000000000000000e+00 -1.1616614858504626e-02 1.2623999999999999e+02
3.6348604247680117e-03 7.8240060664699317e-03 0.0000000000000000e+00 -1.1521594081663533e-02 1.2647999999999999e+02
3.6072874186347265e-03 7.7718690096301316e-03 0.0000000000000000e+00 -1.1441884018690285e-02 1.2672000000000000e+02
3.5835432552016140e-03 7.7318230784318466e-03 0.0000000000000000e+00 -1.1378093924059529e-02 1.2695999999999999e+02
3.5642958530266678e-03 7.7040082478294011e-03 0.0000000000000000e+00 -1.1331031691281579e-02 1.2719999999999999e+02
3.5481875859155187e-03 7.6899940055550186e-03 0.0000000000000000e+00 -1.1300909181896523e-02 1.2744000000000000e+02
3.5357972518950311e-03 7.6890830959276671e-03 0.0000000000000000e+00 -1.1287607938247790e-02 1.2767999999999999e+02
3.5258628087136978e-03 7.7025683544163790e-03 0.0000000000000000e+00 -1.1291158753555797e-02 1.2792000000000000e+02
3.5192226666504213e-03 7.7291134459229020e-03 0.0000000000000000e+00 -1.1311063702998947e-02 1.2816000000000000e+02
3.5172224041273206e-03 7.7662536223141263e-03 0.0000000000000000e+00 -1.1346203616867223e-02 1.2840000000000001e+02
3.5206086636366029e-03 7.8127016246038374e-03 0.0000000000000000e+00 -1.1396037878665943e-02 1.2863999999999999e+02
3.5315438804033659e-03 7.8654023118162608e-03 0.0000000000000000e+00 -1.1459673782644675e-02 1.2888000000000000e+02
3.5488331336258703e-03 7.9241476644894351e-03 0.0000000000000000e+00 -1.1535708388540566e-02 1.2912000000000000e+02
3.5739920816193049e-03 7.9870498820445654e-03 0.0000000000000000e+00 -1.1623769554088836e-02 1.2935999999999999e+02
3.6092854491660969e-03 8.0505661988037967e-03 0.0000000000000000e+00 -1.1722579238394815e-02 1.2959999999999999e+02
3.6540607149532249e-03 8.1147289494249569e-03 0.0000000000000000e+00 -1.1831517254803359e-02 1.2984000000000000e+02
3.7033115637449912e-03 8.1826183906520134e-03 0.0000000000000000e+00 -1.1948657544821994e-02 1.3007999999999998e+02
3.7583892080875090e-03 8.2527408775798401e-03 0.0000000000000000e+00 -1.2073857676092370e-02 1.3031999999999999e+02
3.8228322412225397e-03 8.3212572971075299e-03 0.0000000000000000e+00 -1.2206817128754821e-02 1.3056000000000000e+02
3.8907452864768719e-03 8.3920297136909142e-03 0.0000000000000000e+00 -1.2345502590592305e-02 1.3079999999999998e+02
3.9595335764086668e-03 8.4679246488919089e-03 0.0000000000000000e+00 -1.2490185815725363e-02 1.3103999999999999e+02
4.0277629050247737e-03 8.5481985068989672e-03 0.0000000000000000e+00 -1.2638689002348880e-02 1.3128000000000000e+02
4.0964008956628807e-03 8.6320677360581331e-03 0.0000000000000000e+00 -1.2791196222146084e-02 1.3151999999999998e+02
4.1621654068728833e-03 8.7211851261234947e-03 0.0000000000000000e+00 -1.2946078123420968e-02 1.3175999999999999e+02
4.2197108197015373e-03 8.8191779381225216e-03 0.0000000000000000e+00 -1.3101616348248690e-02 1.3200000000000000e+02
4.2720078601113610e-03 8.9221471049280490e-03 0.0000000000000000e+00 -1.3256882555463756e-02 1.3224000000000001e+02
4.3207138050001641e-03 9.0264582495044252e-03 0.0000000000000000e+00 -1.3409899644929668e-02 1.3247999999999999e+02
4.3620335897726591e-03 9.1342984340763225e-03 0.0000000000000000e+00 -1.3559059614273616e-02 1.3272000000000000e+02
4.3990080057183375e-03 9.2413787609190584e-03 0.0000000000000000e+00 -1.3703114357061841e-02 1.3296000000000001e+02
4.4336987598539487e-03 9.3434548664292419e-03 0.0000000000000000e+00 -1.3839881216707761e-02 1.3319999999999999e+02
4.4612718569207160e-03 9.4439413566188568e-03 0.0000000000000000e+00 -1.3967940803964130e-02 1.3344000000000000e+02
4.4866761106344636e-03 9.5365039910838868e-03 0.0000000000000000e+00 -1.4085907692143129e-02 1.3368000000000001e+02
4.5145599825800482e-03 9.6144402126900012e-03 0.0000000000000000e+00 -1.4191727785693997e-02 1.3391999999999999e+02
4.5393052462737015e-03 9.6822261569518894e-03 0.0000000000000000e+00 -1.4284258993650267e-02 1.3416000000000000e+02
4.5621056862141926e-03 9.7379518200314680e-03 0.0000000000000000e+00 -1.4362785096670105e-02 1.3440000000000001e+02
4.5877399457444233e-03 9.7762076811200756e-03 0.0000000000000000e+00 -1.4426675217288798e-02 1.3463999999999999e+02
4.6106599663694493e-03 9.8019973739854466e-03 0.0000000000000000e+00 -1.4475384930779045e-02 1.3488000000000000e+02
4.6264798999247798e-03 9.8197237646345630e-03 0.0000000000000000e+00 -1.4508931254983981e-02 1.3512000000000000e+02
4.6403819366397014e-03 9.8249293644661513e-03 0.0000000000000000e+00 -1.4528038891530093e-02 1.3535999999999999e+02
4.6528702917342582e-03 9.8170082699395814e-03 0.0000000000000000e+00 -1.4532606152098060e-02 1.3559999999999999e+02
4.6556488597036426e-03 9.8052270800667550e-03 0.0000000000000000e+00 -1.4523603530194551e-02 1.3584000000000000e+02
4.6503892402792214e-03 9.7884546971838925e-03 0.0000000000000000e+00 -1.4501571527887336e-02 1.3607999999999998e+02
4.6384400146458858e-03 9.7663201545403755e-03 0.0000000000000000e+00 -1.4467487759610265e-02 1.3631999999999999e+02
4.6168806164994655e-03 9.7419374796705836e-03 0.0000000000000000e+00 -1.4421545686593928e-02 1.3656000000000000e+02
4.5908723586566280e-03 9.7123172115811552e-03 0.0000000000000000e+00 -1.4365917160661379e-02 1.3679999999999998e+02
4.5589930745350655e-03 9.6794708547331028e-03 0.0000000000000000e+00 -1.4301191519691780e-02 1.3703999999999999e+02
4.5226408954359256e-03 9.6447052643181576e-03 0.0000000000000000e+00 -1.4230073750178152e-02 1.3728000000000000e+02
4.4858145453470152e-03 9.6048113751926976e-03 0.0000000000000000e+00 -1.4153353510963695e-02 1.3751999999999998e+02
4.4494180160244579e-03 9.5604765270179432e-03 0.0000000000000000e+00 -1.4072622133466162e-02 1.3775999999999999e+02
4.4158362467061089e-03 9.5114996551689396e-03 0.0000000000000000e+00 -1.3990063492298255e-02 1.3800000000000000e+02
4.3860766942297302e-03 9.4586651547234630e-03 0.0000000000000000e+00 -1.3907469439376818e-02 1.3824000000000001e+02
4.3624410297423855e-03 9.4016373330883043e-03 0.0000000000000000e+00 -1.3826805953254251e-02 1.3847999999999999e+02
4.3485120704359614e-03 9.3385454077693688e-03 0.0000000000000000e+00 -1.3749785068628784e-02 1.3872000000000000e+02
4.3431915597654299e-03 9.2731499341694411e-03 0.0000000000000000e+00 -1.3679069084358009e-02 1.3896000000000001e+02
4.3489603304352423e-03 9.2062940084532384e-03 0.0000000000000000e+00 -1.3617981929312295e-02 1.3919999999999999e+02
4.3632738206991978e-03 9.1419534739044950e-03 0.0000000000000000e+00 -1.3567954885027156e-02 1.3944000000000000e+02
4.3864225772281325e-03 9.0831009998147867e-03 0.0000000000000000e+00 -1.3532251167466480e-02 1.3968000000000001e+02
4.4208591764913329e-03 9.0306976848581362e-03 0.0000000000000000e+00 -1.3514284451773051e-02 1.3991999999999999e+02
4.4639849242582739e-03 8.9900606427779171e-03 0.0000000000000000e+00 -1.3516773157459028e-02 1.4016000000000000e+02
4.5170040424517433e-03 8.9614098340611292e-03 0.0000000000000000e+00 -1.3541141466936191e-02 1.4040000000000001e+02
4.5834637343478094e-03 8.9451215679388768e-03 0.0000000000000000e+00 -1.3591312892710317e-02 1.4063999999999999e+02
4.6607709472555022e-03 8.9450403929911340e-03 0.0000000000000000e+00 -1.3668538930669660e-02 1.4088000000000000e+02
4.7462043071030951e-03 8.9658990135076336e-03 0.0000000000000000e+00 -1.3774830911033931e-02 1.4112000000000000e+02
4.8422743363181180e-03 9.0072694909484712e-03 0.0000000000000000e+00 -1.3912271417689581e-02 1.4135999999999999e+02
4.9532501723946430e-03 9.0665434482092924e-03 0.0000000000000000e+00 -1.4082521211026711e-02 1.4159999999999999e+02
5.0774689168678298e-03 9.1465578650223017e-03 0.0000000000000000e+00 -1.4286754372313526e-02 1.4184000000000000e+02
5.2169151781135386e-03 9.2459499877796739e-03 0.0000000000000000e+00 -1.4525592756316374e-02 1.4207999999999998e+02
5.3702999874146885e-03 9.3652869596640223e-03 0.0000000000000000e+00 -1.4798314537501689e-02 1.4231999999999999e+02
5.5374208877304988e-03 9.5047130347905295e-03 0.0000000000000000e+00 -1.5104861512944101e-02 1.4256000000000000e+02
5.7224342238833062e-03 9.6584405294093036e-03 0.0000000000000000e+00 -1.5443602343715668e-02 1.4279999999999998e+02
5.9219556589869722e-03 9.8301617649512209e-03 0.0000000000000000e+00 -1.5814845014361145e-02 1.4303999999999999e+02
6.1333433452920322e-03 1.0019842060405437e-02 0.0000000000000000e+00 -1.6215912996119908e-02 1.4328000000000000e+02
6.3620165141779709e-03 1.0222784941690211e-02 0.0000000000000000e+00 -1.6647529046290854e-02 1.4351999999999998e+02
6.6052515112410949e-03 1.0439529685405180e-02 0.0000000000000000e+00 -1.7107508787069348e-02 1.4375999999999999e+02
6.8618546970459268e-03 1.0669550585705664e-02 0.0000000000000000e+00 -1.7594132873174129e-02 1.4400000000000000e+02
7.1316256313066389e-03 1.0911501144912746e-02 0.0000000000000000e+00 -1.8105854366641694e-02 1.4423999999999998e+02
7.4138318960789949e-03 1.1165719275762057e-02 0.0000000000000000e+00 -1.8642278762264208e-02 1.4447999999999999e+02
7.7063764260763817e-03 1.1431228353833119e-02 0.0000000000000000e+00 -1.9200332370331807e-02 1.4472000000000000e+02
8.0093941387022090e-03 1.1706982350839674e-02 0.0000000000000000e+00 -1.9779104079964416e-02 1.4496000000000001e+02
8.3225893980007435e-03 1.1990990371202687e-02 0.0000000000000000e+00 -2.0376307359626145e-02 1.4519999999999999e+02
8.6415080101357577e-03 1.2284983642677482e-02 0.0000000000000000e+00 -2.0989219243235491e-02 1.4544000000000000e+02
8.9661174780402038e-03 1.2586277944921006e-02 0.0000000000000000e+00 -2.1615123013383641e-02 1.4568000000000001e+02
9.2960003821779651e-03 1.2892860954008115e-02 0.0000000000000000e+00 -2.2251588926608390e-02 1.4591999999999999e+02
9.6246158923120381e-03 1.3208576677855566e-02 0.0000000000000000e+00 -2.2895920160589833e-02 1.4616000000000000e+02
9.9547039532632432e-03 1.3528183838784074e-02 0.0000000000000000e+00 -2.3545615382469354e-02 1.4640000000000001e+02
1.0289999592906135e-02 1.3846214639873233e-02 0.0000000000000000e+00 -2.4198941823201148e-02 1.4663999999999999e+02
1.0623422674053792e-02 1.4165874964131865e-02 0.0000000000000000e+00 -2.4852025228607966e-02 1.4688000000000000e+02
1.0955872180107592e-02 1.4484150363137584e-02 0.0000000000000000e+00 -2.5502750133666874e-02 1.4712000000000000e+02
1.1286798134951891e-02 1.4798773362142876e-02 0.0000000000000000e+00 -2.6148299087516813e-02 1.4735999999999999e+02
1.1615484283292409e-02 1.5107795677222570e-02 0.0000000000000000e+00 -2.6786007550937185e-02 1.4759999999999999e+02
1.1941763808658586e-02 1.5407743121949168e-02 0.0000000000000000e+00 -2.7412234521029921e-02 1.4784000000000000e+02
1.2264750324231048e-02 1.5697850356312115e-02 0.0000000000000000e+00 -2.8025328270965266e-02 1.4807999999999998e+02
1.2584495241153982e-02 1.5975581171349573e-02 0.0000000000000000e+00 -2.8622804002926161e-02 1.4831999999999999e+02
1.2899047271319464e-02 1.6241223874709654e-02 0.0000000000000000e+00 -2.9202998736450603e-02 1.4856000000000000e+02
1.3207648866065607e-02 1.6493569508338385e-02 0.0000000000000000e+00 -2.9763945964825345e-02 1.4879999999999998e+02
1.3508343712968742e-02 1.6732955547381655e-02 0.0000000000000000e+00 -3.0304026850772159e-02 1.4903999999999999e+02
1.3798929524680877e-02 1.6959421144870902e-02 0.0000000000000000e+00 -3.0821078259973156e-02 1.4928000000000000e+02
1.4078013952275538e-02 1.7172520925745026e-02 0.0000000000000000e+00 -3.1313262468442016e-02 1.4951999999999998e+02
1.4341946742291179e-02 1.7373473288498295e-02 0.0000000000000000e+00 -3.1778147621210451e-02 1.4975999999999999e+02
1.4588330527614050e-02 1.7561495563916944e-02 0.0000000000000000e+00 -3.2212553681952194e-02 1.5000000000000000e+02
1.4814007311473955e-02 1.7735987258360432e-02 0.0000000000000000e+00 -3.2612722160256125e-02 1.5023999999999998e+02
1.5018133158157407e-02 1.7894753773144683e-02 0.0000000000000000e+00 -3.2975614521723706e-02 1.5047999999999999e+02
1.5198146500469991e-02 1.8037974362769896e-02 0.0000000000000000e+00 -3.3298848453661600e-02 1.5072000000000000e+02
1.5349585939441277e-02 1.8167475728594489e-02 0.0000000000000000e+00 -3.3579789258457282e-02 1.5096000000000001e+02
1.5474609378604613e-02 1.8278555199116746e-02 0.0000000000000000e+00 -3.3815892168142625e-02 1.5119999999999999e+02
1.5569845873217806e-02 1.8371152321628163e-02 0.0000000000000000e+00 -3.4003725785267447e-02 1.5144000000000000e+02
1.5635476691358542e-02 1.8440439065702398e-02 0.0000000000000000e+00 -3.4138643347481734e-02 1.5168000000000001e+02
1.5671737247560824e-02 1.8482340074389998e-02 0.0000000000000000e+00 -3.4216804912371668e-02 1.5191999999999999e+02
1.5669218985475707e-02 1.8503566427074153e-02 0.0000000000000000e+00 -3.4235513002970785e-02 1.5216000000000000e+02
1.5632910686233542e-02 1.8495170279870576e-02 0.0000000000000000e+00 -3.4190808556525454e-02 1.5240000000000001e+02
1.5566421825075448e-02 1.8450171165182338e-02 0.0000000000000000e+00 -3.4079320580678640e-02 1.5263999999999999e+02
1.5456799965970519e-02 1.8378082825224039e-02 0.0000000000000000e+00 -3.3897610381615095e-02 1.5288000000000000e+02
1.5309568292337299e-02 1.8270205100500453e-02 0.0000000000000000e+00 -3.3642500983259049e-02 1.5312000000000000e+02
1.5126503854937230e-02 1.8121933695098843e-02 0.0000000000000000e+00 -3.3311165140456733e-02 1.5335999999999999e+02
1.4899825626763421e-02 1.7939549696467876e-02 0.0000000000000000e+00 -3.2902102913651810e-02 1.5359999999999999e+02
1.4631260232011448e-02 1.7719573196389050e-02 0.0000000000000000e+00 -3.2413561018821202e-02 1.5384000000000000e+02
1.4325872854457411e-02 1.7456759793667870e-02 0.0000000000000000e+00 -3.1845360238546450e-02 1.5407999999999998e+02
1.3980835504532226e-02 1.7152761518002650e-02 0.0000000000000000e+00 -3.1196324612955628e-02 1.5431999999999999e+02
1.3594402828909516e-02 1.6810817711604628e-02 0.0000000000000000e+00 -3.0467948130934674e-02 1.5456000000000000e+02
1.3171981005990305e-02 1.6427251627760184e-02 0.0000000000000000e+00 -2.9661960224170780e-02 1.5479999999999998e+02
1.2716253042713037e-02 1.6001936266998251e-02 0.0000000000000000e+00 -2.8780916900131626e-02 1.5503999999999999e+02
1.2226988430863880e-02 1.5538036532062732e-02 0.0000000000000000e+00 -2.7827752553347240e-02 1.5528000000000000e+02
1.1711749112475120e-02 1.5034265641177734e-02 0.0000000000000000e+00 -2.6808742344073488e-02 1.5551999999999998e+02
1.1176663667803422e-02 1.4490181890972571e-02 0.0000000000000000e+00 -2.5729573149196883e-02 1.5575999999999999e+02
1.0620129721142122e-02 1.3913478704094897e-02 0.0000000000000000e+00 -2.4596336015658027e-02 1.5600000000000000e+02
1.0040508130835849e-02 1.3312247234402372e-02 0.0000000000000000e+00 -2.3415482955658096e-02 1.5623999999999998e+02
9.4547708656167254e-03 1.2677183278116275e-02 0.0000000000000000e+00 -2.2194681734153399e-02 1.5647999999999999e+02
8.8651835387670783e-03 1.2014253716004602e-02 0.0000000000000000e+00 -2.0942164845191957e-02 1.5672000000000000e+02
8.2635188451222544e-03 1.1342573903661642e-02 0.0000000000000000e+00 -1.9668820339204363e-02 1.5696000000000001e+02
7.6661049707339489e-03 1.0655720467479025e-02 0.0000000000000000e+00 -1.8384553028633732e-02 1.5719999999999999e+02
7.0789994207736753e-03 9.9585071637707280e-03 0.0000000000000000e+00 -1.7100234174964868e-02 1.5744000000000000e+02
6.4989162689169100e-03 9.2662001544080302e-03 0.0000000000000000e+00 -1.5827844013744929e-02 1.5768000000000001e+02
5.9386341663799020e-03 8.5776272134747457e-03 0.0000000000000000e+00 -1.4578988970274986e-02 1.5791999999999999e+02
5.4011968146103553e-03 7.8999740314486949e-03 0.0000000000000000e+00 -1.3363898436479005e-02 1.5816000000000000e+02
4.8858000960290155e-03 7.2437289710746595e-03 0.0000000000000000e+00 -1.2192256657523881e-02 1.5840000000000001e+02
4.3988531401521072e-03 6.6121643393658482e-03 0.0000000000000000e+00 -1.1073745069938079e-02 1.5863999999999999e+02
3.9468788323233283e-03 6.0076480224777982e-03 0.0000000000000000e+00 -1.0017254445221502e-02 1.5888000000000000e+02
3.5316149767682329e-03 5.4361088247508894e-03 0.0000000000000000e+00 -9.0304513919390317e-03 1.5912000000000000e+02
3.1465509820773497e-03 4.9107851205190955e-03 0.0000000000000000e+00 -8.1200636930165437e-03 1.5935999999999999e+02
2.8028828855583697e-03 4.4279767983557905e-03 0.0000000000000000e+00 -7.2935872743338237e-03 1.5959999999999999e+02
2.5043434620957020e-03 3.9882200915834940e-03 0.0000000000000000e+00 -6.5552911440989181e-03 1.5984000000000000e+02
2.2392323172363941e-03 3.6082418513609855e-03 0.0000000000000000e+00 -5.9102017590164646e-03 1.6007999999999998e+02
2.0152720380327955e-03 3.2822752097707302e-03 0.0000000000000000e+00 -5.3602748382231002e-03 1.6031999999999999e+02
1.8333577670757877e-03 3.0123618476615302e-03 0.0000000000000000e+00 -4.9084472051570405e-03 1.6056000000000000e+02
1.6842095145363448e-03 2.8086614445615382e-03 0.0000000000000000e+00 -4.5555985495178142e-03 1.6079999999999998e+02
1.5708652823541390e-03 2.6675056941820306e-03 0.0000000000000000e+00 -4.3010985669558188e-03 1.6103999999999999e+02
1.4908447861897232e-03 2.5893895197658516e-03 0.0000000000000000e+00 -4.1429618963750858e-03 1.6128000000000000e+02
1.4438814975151902e-03 2.5711005515367848e-03 0.0000000000000000e+00 -4.0777096394715162e-03 1.6151999999999998e+02
1.4272506349071506e-03 2.6110276494521029e-03 0.0000000000000000e+00 -4.1010058747787959e-03 1.6175999999999999e+02
1.4361760237736451e-03 2.7078297385266428e-03 0.0000000000000000e+00 -4.2067333527195938e-03 1.6200000000000000e+02
1.4670160631682185e-03 2.8557939354526456e-03 0.0000000000000000e+00 -4.3855375890400339e-03 1.6223999999999998e+02
1.5119876994040377e-03 3.0548290408188208e-03 0.0000000000000000e+00 -4.6295443306418882e-03 1.6247999999999999e+02
1.5679608955157342e-03 3.2965263861397427e-03 0.0000000000000000e+00 -4.9272148720742592e-03 1.6272000000000000e+02
1.6377681539075811e-03 3.5672624598398054e-03 0.0000000000000000e+00 -5.2677582041660287e-03 1.6296000000000001e+02
1.7131431375773257e-03 3.8642172596849893e-03 0.0000000000000000e+00 -5.6400879876816745e-03 1.6319999999999999e+02
1.7872241741532986e-03 4.1812704453673809e-03 0.0000000000000000e+00 -6.0312222099401236e-03 1.6344000000000000e+02
1.8545661918071955e-03 4.5107612301480884e-03 0.0000000000000000e+00 -6.4280550123743119e-03 1.6368000000000001e+02
1.9176789421419401e-03 4.8391440872272056e-03 0.0000000000000000e+00 -6.8195506197883393e-03 1.6391999999999999e+02
1.9727254714886943e-03 5.1586743181664943e-03 0.0000000000000000e+00 -7.1941273800739669e-03 1.6416000000000000e+02
2.0114468733938113e-03 5.4669140118403974e-03 0.0000000000000000e+00 -7.5410884756532681e-03 1.6440000000000001e+02
2.0383835231079454e-03 5.7496041216376827e-03 0.0000000000000000e+00 -7.8507152351647846e-03 1.6463999999999999e+02
2.0531423780988569e-03 5.9982410012536392e-03 0.0000000000000000e+00 -8.1141109697713265e-03 1.6488000000000000e+02
2.0525106817635679e-03 6.2075652651762819e-03 0.0000000000000000e+00 -8.3228035373588138e-03 1.6512000000000000e+02
2.0449179395004399e-03 6.3636369149974188e-03 0.0000000000000000e+00 -8.4712824449166835e-03 1.6535999999999999e+02
2.0241040677020025e-03 6.4667247229513291e-03 0.0000000000000000e+00 -8.5535563810721360e-03 1.6559999999999999e+02
1.9866829799508323e-03 6.5180443328225063e-03 0.0000000000000000e+00 -8.5674549031922176e-03 1.6584000000000000e+02
1.9409925253645269e-03 6.5072290371502904e-03 0.0000000000000000e+00 -8.5109491529336001e-03 1.6607999999999998e+02
1.8912547683814854e-03 6.4292394848635293e-03 0.0000000000000000e+00 -8.3832218436641348e-03 1.6631999999999999e+02
1.8323163766955325e-03 6.2907200794856157e-03 0.0000000000000000e+00 -8.1857640465994308e-03 1.6656000000000000e+02
1.7610981598873655e-03 6.0990105673459777e-03 0.0000000000000000e+00 -7.9228363176517824e-03 1.6679999999999998e+02
1.6881526600615944e-03 5.8504518089982655e-03 0.0000000000000000e+00 -7.6013320594778833e-03 1.6703999999999999e+02
1.6126306046572482e-03 5.5550531333771217e-03 0.0000000000000000e+00 -7.2304113284527016e-03 1.6728000000000000e+02
1.5282036552906372e-03 5.2283081651175950e-03 0.0000000000000000e+00 -6.8192394108261833e-03 1.6751999999999998e+02
1.4470947424602199e-03 4.8711177919741420e-03 0.0000000000000000e+00 -6.3809401248526854e-03 1.6775999999999999e+02
1.3673372551774479e-03 4.4969232823531772e-03 0.0000000000000000e+00 -5.9269881279491177e-03 1.6800000000000000e+02
1.2873097681407181e-03 4.1207652667893798e-03 0.0000000000000000e+00 -5.4708026253482700e-03 1.6823999999999998e+02
1.2127997095621333e-03 3.7504594109114119e-03 0.0000000000000000e+00 -5.0259867108919387e-03 1.6847999999999999e+02
1.1445842494765225e-03 3.3982787343208015e-03 0.0000000000000000e+00 -4.6055905742152792e-03 1.6872000000000000e+02
1.0850069515531563e-03 3.0751528717697717e-03 0.0000000000000000e+00 -4.2228874137411054e-03 1.6895999999999998e+02
1.0343687053716532e-03 2.7933168228081269e-03 0.0000000000000000e+00 -3.8904131185975022e-03 1.6919999999999999e+02
9.9954347729925685e-04 2.5551963699948369e-03 0.0000000000000000e+00 -3.6174674377116300e-03 1.6944000000000000e+02
9.8411545001579007e-04 2.3663310872653423e-03 0.0000000000000000e+00 -3.4131741276990368e-03 1.6968000000000001e+02
9.7690989953265949e-04 2.2438599869564610e-03 0.0000000000000000e+00 -3.2834974769069269e-03 1.6991999999999999e+02
9.8766822583884993e-04 2.1816022035787952e-03 0.0000000000000000e+00 -3.2319980198354248e-03 1.7016000000000000e+02
1.0159104357710701e-03 2.1799849693420132e-03 0.0000000000000000e+00 -3.2586229955307022e-03 1.7040000000000001e+02
1.0508804139582068e-03 2.2477298066954079e-03 0.0000000000000000e+00 -3.3613378110717296e-03 1.7063999999999999e+02
1.0967544849667620e-03 2.3758497078044034e-03 0.0000000000000000e+00 -3.5353317831889886e-03 1.7088000000000000e+02
1.1542142515803065e-03 2.5581038678305461e-03 0.0000000000000000e+00 -3.7750457098286727e-03 1.7112000000000000e+02
1.2151433162682676e-03 2.7915191568192044e-03 0.0000000000000000e+00 -4.0693900635049296e-03 1.7135999999999999e+02
1.2764455575453415e-03 3.0694121446682189e-03 0.0000000000000000e+00 -4.4085852926309954e-03 1.7159999999999999e+02
1.3369316504657953e-03 3.3804582120062869e-03 0.0000000000000000e+00 -4.7801174528894208e-03 1.7184000000000000e+02
1.3998679854206511e-03 3.7088625249522382e-03 0.0000000000000000e+00 -5.1714581007900051e-03 1.7207999999999998e+02
1.4537133416001537e-03 4.0522964639094442e-03 0.0000000000000000e+00 -5.5687373959265596e-03 1.7231999999999999e+02
1.4982924798514563e-03 4.3938706950442993e-03 0.0000000000000000e+00 -5.9548907653128591e-03 1.7256000000000000e+02
1.5467740551247788e-03 4.7068376100410335e-03 0.0000000000000000e+00 -6.3163392555831699e-03 1.7279999999999998e+02
1.5854672394507677e-03 4.9914159443368378e-03 0.0000000000000000e+00 -6.6396107742052735e-03 1.7303999999999999e+02
1.6102502249623419e-03 5.2397091668467174e-03 0.0000000000000000e+00 -6.9126869822260240e-03 1.7328000000000000e+02
1.6344470104089287e-03 5.4276402387476233e-03 0.0000000000000000e+00 -7.1248148395737232e-03 1.7351999999999998e+02
1.6507675814658612e-03 5.5529648075736005e-03 0.0000000000000000e+00 -7.2664599794565188e-03 1.7375999999999999e+02
1.6555010053266464e-03 5.6131242608705393e-03 0.0000000000000000e+00 -7.3313528566143482e-03 1.7400000000000000e+02
1.6582836739648887e-03 5.5954567447195529e-03 0.0000000000000000e+00 -7.3164680091015732e-03 1.7423999999999998e+02
1.6572932818953020e-03 5.4996020831915345e-03 0.0000000000000000e+00 -7.2196229555039348e-03 1.7447999999999999e+02
1.6451227193864082e-03 5.3344342602100357e-03 0.0000000000000000e+00 -7.0422845700131020e-03 1.7472000000000000e+02
1.6305369691407856e-03 5.0974923652296923e-03 0.0000000000000000e+00 -6.7907569247875887e-03 1.7495999999999998e+02
1.6181917553588468e-03 4.7911658385800414e-03 0.0000000000000000e+00 -6.4720851843556026e-03 1.7519999999999999e+02
1.5969096636404959e-03 4.4362707681159640e-03 0.0000000000000000e+00 -6.0959080221725248e-03 1.7544000000000000e+02
1.5666631431802821e-03 4.0451784591493366e-03 0.0000000000000000e+00 -5.6745691927460040e-03 1.7568000000000001e+02
1.5393459225228230e-03 3.6198784091031055e-03 0.0000000000000000e+00 -5.2219519220431110e-03 1.7591999999999999e+02
1.5136719980300666e-03 3.1760147016023877e-03 0.0000000000000000e+00 -4.7524142900494670e-03 1.7616000000000000e+02
1.4777931222641494e-03 2.7396335286947221e-03 0.0000000000000000e+00 -4.2801542413757332e-03 1.7640000000000001e+02
1.4462100353452999e-03 2.3136978811106336e-03 0.0000000000000000e+00 -3.8226355068726736e-03 1.7663999999999999e+02
1.4213111034800867e-03 1.9104732997300719e-03 0.0000000000000000e+00 -3.3945119936262813e-03 1.7688000000000000e+02
1.3938802884018891e-03 1.5545630773532127e-03 0.0000000000000000e+00 -3.0111709561713162e-03 1.7712000000000000e+02
1.3804264270019916e-03 1.2438819530416658e-03 0.0000000000000000e+00 -2.6870359704602720e-03 1.7735999999999999e+02
1.3813981225357895e-03 9.9065343559838026e-04 0.0000000000000000e+00 -2.4347791485506143e-03 1.7759999999999999e+02
1.3891368712195301e-03 8.1122915516182404e-04 0.0000000000000000e+00 -2.2630936167979954e-03 1.7784000000000000e+02
1.4189795261437413e-03 6.9615931858292297e-04 0.0000000000000000e+00 -2.1778664351428390e-03 1.7807999999999998e+02
1.4704582548088663e-03 6.5249009327912469e-04 0.0000000000000000e+00 -2.1856759385043834e-03 1.7831999999999999e+02
1.5385205727867484e-03 6.8755334022971249e-04 0.0000000000000000e+00 -2.2888015034328024e-03 1.7856000000000000e+02
1.6247296174293582e-03 8.0036934594159687e-04 0.0000000000000000e+00 -2.4878265537870980e-03 1.7879999999999998e+02
1.7267440446789798e-03 9.8785127429529339e-04 0.0000000000000000e+00 -2.7773229093903673e-03 1.7903999999999999e+02
1.8471849255586961e-03 1.2385396412295754e-03 0.0000000000000000e+00 -3.1484521572042734e-03 1.7928000000000000e+02
1.9732707127799996e-03 1.5556867112311529e-03 0.0000000000000000e+00 -3.5916850144273038e-03 1.7951999999999998e+02
2.0997385381964465e-03 1.9323631977089702e-03 0.0000000000000000e+00 -4.0948293263216584e-03 1.7975999999999999e+02
2.2310218752466084e-03 2.3496138831095859e-03 0.0000000000000000e+00 -4.6433633487727999e-03 1.8000000000000000e+02
2.3572754104630588e-03 2.8014955723178248e-03 0.0000000000000000e+00 -5.2214985731970920e-03 1.8023999999999998e+02
2.4728003455328331e-03 3.2768085145169182e-03 0.0000000000000000e+00 -5.8123364504656383e-03 1.8047999999999999e+02
2.5756534282458960e-03 3.7607748093549912e-03 0.0000000000000000e+00 -6.3991558280169780e-03 1.8072000000000000e+02
2.6613643311640999e-03 4.2390812977728762e-03 0.0000000000000000e+00 -6.9631732193526918e-03 1.8095999999999998e+02
2.7339590393005032e-03 4.6920626833168565e-03 0.0000000000000000e+00 -7.4887493130331162e-03 1.8119999999999999e+02
2.7935801361637673e-03 5.1031536325576981e-03 0.0000000000000000e+00 -7.9594613591369434e-03 1.8144000000000000e+02
2.8362484817725893e-03 5.4630611017504587e-03 0.0000000000000000e+00 -8.3620371739381305e-03 1.8168000000000001e+02
2.8576524110163854e-03 5.7641871312238326e-03 0.0000000000000000e+00 -8.6845671326560847e-03 1.8191999999999999e+02
2.8670773813199396e-03 5.9878220621970672e-03 0.0000000000000000e+00 -8.9176270339323960e-03 1.8216000000000000e+02
2.8668908369639534e-03 6.1255211581910142e-03 0.0000000000000000e+00 -9.0551395855704708e-03 1.8240000000000001e+02
2.8524332692215445e-03 6.1778147579672222e-03 0.0000000000000000e+00 -9.0929756176041376e-03 1.8263999999999999e+02
2.8293332600312854e-03 6.1394723584962032e-03 0.0000000000000000e+00 -9.0315332089434541e-03 1.8288000000000000e+02
2.7950747214797985e-03 6.0155231132307018e-03 0.0000000000000000e+00 -8.8733254251263105e-03 1.8312000000000000e+02
2.7570240892604179e-03 5.8069793329243785e-03 0.0000000000000000e+00 -8.6267310126000307e-03 1.8335999999999999e+02
2.7154716016563208e-03 5.5240232781505662e-03 0.0000000000000000e+00 -8.3022224702220537e-03 1.8359999999999999e+02
2.6682041363851883e-03 5.1831550156575335e-03 0.0000000000000000e+00 -7.9140867424580819e-03 1.8384000000000000e+02
2.6280483814851200e-03 4.7858030232185728e-03 0.0000000000000000e+00 -7.4765789951189987e-03 1.8407999999999998e+02
2.5917856102748806e-03 4.3515325585388419e-03 0.0000000000000000e+00 -7.0060457592289183e-03 1.8431999999999999e+02
2.5628363303523754e-03 3.8967553951332430e-03 0.0000000000000000e+00 -6.5223193159007486e-03 1.8456000000000000e+02
2.5499414355827617e-03 3.4343843669640264e-03 0.0000000000000000e+00 -6.0470533929621872e-03 1.8479999999999998e+02
2.5514800675168368e-03 2.9861266336804375e-03 0.0000000000000000e+00 -5.6003342916124410e-03 1.8503999999999999e+02
2.5722510209973968e-03 2.5680232930484167e-03 0.0000000000000000e+00 -5.2030019044608800e-03 1.8528000000000000e+02
2.6090898340189448e-03 2.2023460223548758e-03 0.0000000000000000e+00 -4.8741634467890371e-03 1.8551999999999998e+02
2.6666718571013459e-03 1.9002831315437323e-03 0.0000000000000000e+00 -4.6296825790597129e-03 1.8575999999999999e+02
2.7451038134251255e-03 1.6717354837466614e-03 0.0000000000000000e+00 -4.4795668875861061e-03 1.8600000000000000e+02
2.8346189209106209e-03 1.5368173075057405e-03 0.0000000000000000e+00 -4.4341638188312160e-03 1.8623999999999998e+02
2.9392699123264752e-03 1.4975057325295571e-03 0.0000000000000000e+00 -4.4995032352708186e-03 1.8647999999999999e+02
3.0523967073145439e-03 1.5584690774032525e-03 0.0000000000000000e+00 -4.6735933751322900e-03 1.8672000000000000e+02
3.1608449582859683e-03 1.7350431049610261e-03 0.0000000000000000e+00 -4.9586156536616244e-03 1.8695999999999998e+02
3.2729205756670682e-03 2.0124990612346428e-03 0.0000000000000000e+00 -5.3481472273155806e-03 1.8719999999999999e+02
3.3892360093266956e-03 2.3800608333108229e-03 0.0000000000000000e+00 -5.8320244330523074e-03 1.8744000000000000e+02
3.4921166159211821e-03 2.8380063825197430e-03 0.0000000000000000e+00 -6.3928505888557474e-03 1.8768000000000001e+02
3.5875572412559361e-03 3.3632502275780848e-03 0.0000000000000000e+00 -7.0135350592488432e-03 1.8791999999999999e+02
3.6739361245296111e-03 3.9379840636850896e-03 0.0000000000000000e+00 -7.6746477786293621e-03 1.8816000000000000e+02
3.7410215449648013e-03 4.5475493231374939e-03 0.0000000000000000e+00 -8.3512984585167871e-03 1.8840000000000001e+02
3.7869322382539082e-03 5.1691240851237715e-03 0.0000000000000000e+00 -9.0187839137925163e-03 1.8863999999999999e+02
3.8202273385556508e-03 5.7714032850195562e-03 0.0000000000000000e+00 -9.6543582139891893e-03 1.8888000000000000e+02
3.8388666841951587e-03 6.3329403585545814e-03 0.0000000000000000e+00 -1.0234534633163817e-02 1.8912000000000000e+02
3.8365180705596403e-03 6.8377870874448661e-03 0.0000000000000000e+00 -1.0737032748418862e-02 1.8935999999999999e+02
3.8167519023158953e-03 7.2595179756990303e-03 0.0000000000000000e+00 -1.1138997468428391e-02 1.8959999999999999e+02
3.7835933886882726e-03 7.5790639540826502e-03 0.0000000000000000e+00 -1.1425384933185345e-02 1.8984000000000000e+02
3.7371096477062087e-03 7.7847190351185962e-03 0.0000000000000000e+00 -1.1584556273239066e-02 1.9007999999999998e+02
3.6850084781419557e-03 7.8614386739736322e-03 0.0000000000000000e+00 -1.1609174742529538e-02 1.9031999999999999e+02
3.6311390157117420e-03 7.8058410267753467e-03 0.0000000000000000e+00 -1.1499707632901535e-02 1.9056000000000000e+02
3.5772028548262027e-03 7.6215842270762283e-03 0.0000000000000000e+00 -1.1261514672316730e-02 1.9079999999999998e+02
3.5327937249307250e-03 7.3068101144770064e-03 0.0000000000000000e+00 -1.0902331429821777e-02 1.9103999999999999e+02
3.5025122805016125e-03 6.8732707098866025e-03 0.0000000000000000e+00 -1.0438510580802252e-02 1.9128000000000000e+02
3.4839671595182035e-03 6.3428282823051879e-03 0.0000000000000000e+00 -9.8895230322377792e-03 1.9151999999999998e+02
3.4804705917266011e-03 5.7362307224025936e-03 0.0000000000000000e+00 -9.2794289045430300e-03 1.9175999999999999e+02
3.4897317392255239e-03 5.0798390847939228e-03 0.0000000000000000e+00 -8.6322984144331372e-03 1.9200000000000000e+02
3.5153878452276344e-03 4.3965281165052822e-03 0.0000000000000000e+00 -7.9746435521463876e-03 1.9223999999999998e+02
3.5608755939425703e-03 3.7123775316177735e-03 0.0000000000000000e+00 -7.3359807159742996e-03 1.9247999999999999e+02
3.6125049368844250e-03 3.0676484016711955e-03 0.0000000000000000e+00 -6.7428809289700187e-03 1.9272000000000000e+02
3.6706923787125020e-03 2.4876185158929885e-03 0.0000000000000000e+00 -6.2210384850187594e-03 1.9295999999999998e+02
3.7419984645198708e-03 1.9891936248148554e-03 0.0000000000000000e+00 -5.7939196797480719e-03 1.9319999999999999e+02
3.8114368987714046e-03 1.6063219307185159e-03 0.0000000000000000e+00 -5.4804864199036185e-03 1.9344000000000000e+02
3.8876757095031777e-03 1.3483057690830097e-03 0.0000000000000000e+00 -5.2987090689999850e-03 1.9368000000000001e+02
3.9777201079446330e-03 1.2219179219108618e-03 0.0000000000000000e+00 -5.2623656202688274e-03 1.9391999999999999e+02
4.0727361895559356e-03 1.2436669919594153e-03 0.0000000000000000e+00 -5.3791307719288639e-03 1.9416000000000000e+02
4.1759839229094306e-03 1.4099398699465577e-03 0.0000000000000000e+00 -5.6486513832691987e-03 1.9440000000000001e+02
4.2873285089965454e-03 1.7169457099719787e-03 0.0000000000000000e+00 -6.0670018093820222e-03 1.9463999999999999e+02
4.4025063401095920e-03 2.1575206306772106e-03 0.0000000000000000e+00 -6.6227545612000949e-03 1.9488000000000000e+02
4.5194864508424706e-03 2.7160603047351210e-03 0.0000000000000000e+00 -7.2982743459910626e-03 1.9512000000000000e+02
4.6345469588792276e-03 3.3732965692773952e-03 0.0000000000000000e+00 -8.0705711185693474e-03 1.9535999999999999e+02
4.7440533417021785e-03 4.1050971379937269e-03 0.0000000000000000e+00 -8.9118780701080702e-03 1.9559999999999999e+02
4.8301984325910263e-03 4.8979677158001314e-03 0.0000000000000000e+00 -9.7908937388044848e-03 1.9584000000000000e+02
4.8925746709558432e-03 5.7199943550160885e-03 0.0000000000000000e+00 -1.0675296616384777e-02 1.9607999999999998e+02
4.9359376334762416e-03 6.5314463243988548e-03 0.0000000000000000e+00 -1.1530111548287314e-02 1.9631999999999999e+02
4.9467422846710555e-03 7.3129849168381972e-03 0.0000000000000000e+00 -1.2322454791922066e-02 1.9656000000000000e+02
4.9241910036691896e-03 8.0361673838847680e-03 0.0000000000000000e+00 -1.3023085977966531e-02 1.9679999999999998e+02
4.8794788983332763e-03 8.6597343412406422e-03 0.0000000000000000e+00 -1.3601940829986559e-02 1.9703999999999999e+02
4.8170923719584036e-03 9.1605826737953810e-03 0.0000000000000000e+00 -1.4040402636166460e-02 1.9728000000000000e+02
4.7484959405509983e-03 9.5108910097135083e-03 0.0000000000000000e+00 -1.4322114540677333e-02 1.9751999999999998e+02
4.6863105753839332e-03 9.6906524345913223e-03 0.0000000000000000e+00 -1.4439690600387634e-02 1.9775999999999999e+02
4.6314139896488646e-03 9.6955668100054491e-03 0.0000000000000000e+00 -1.4389708390067035e-02 1.9800000000000000e+02
4.5970159796409650e-03 9.5170825305622448e-03 0.0000000000000000e+00 -1.4176826100616768e-02 1.9823999999999998e+02
4.5884968458813685e-03 9.1608663853039451e-03 0.0000000000000000e+00 -1.3812090821597955e-02 1.9847999999999999e+02
4.6118522521930577e-03 8.6377851200119676e-03 0.0000000000000000e+00 -1.3312364962617451e-02 1.9872000000000000e+02
4.6616050754997584e-03 7.9759841153777232e-03 0.0000000000000000e+00 -1.2700316781289800e-02 1.9895999999999998e+02
4.7303789774268655e-03 7.2108849570720734e-03 0.0000000000000000e+00 -1.2003991524911495e-02 1.9919999999999999e+02
4.8167662274521614e-03 6.3725232597069796e-03 0.0000000000000000e+00 -1.1252017077571397e-02 1.9944000000000000e+02
4.9156551286782231e-03 5.4991774780658855e-03 0.0000000000000000e+00 -1.0477560197156510e-02 1.9968000000000001e+02
5.0157164756514886e-03 4.6363877848122903e-03 0.0000000000000000e+00 -9.7148318508755160e-03 1.9991999999999999e+02
5.1070936758641173e-03 3.8274501394738865e-03 0.0000000000000000e+00 -8.9972714057502401e-03 2.0016000000000000e+02
5.2027294023119751e-03 3.0951533267742988e-03 0.0000000000000000e+00 -8.3606103194981962e-03 2.0040000000000001e+02
5.2966544813763429e-03 2.4757087821621038e-03 0.0000000000000000e+00 -7.8350908539508435e-03 2.0063999999999999e+02
5.3852267186652644e-03 2.0008046825979076e-03 0.0000000000000000e+00 -7.4487589916747421e-03 2.0088000000000000e+02
5.4850982166059232e-03 1.6769127661166656e-03 0.0000000000000000e+00 -7.2247385731347702e-03 2.0112000000000000e+02
5.6017708302939038e-03 1.5152717127330088e-03 0.0000000000000000e+00 -7.1797701334388453e-03 2.0135999999999999e+02
5.7391095018959719e-03 1.5231896384961794e-03 0.0000000000000000e+00 -7.3250267308047068e-03 2.0159999999999999e+02
5.8953024128585458e-03 1.7063066229167775e-03 0.0000000000000000e+00 -7.6643366261870405e-03 2.0184000000000000e+02
6.0694852953968020e-03 2.0598236174976976e-03 0.0000000000000000e+00 -8.1920365033067988e-03 2.0207999999999998e+02
6.2674307251961228e-03 2.5644445440250962e-03 0.0000000000000000e+00 -8.8946028596332827e-03 2.0231999999999999e+02
6.4670058162410553e-03 3.2198292714070717e-03 0.0000000000000000e+00 -9.7495626780594868e-03 2.0256000000000000e+02
6.6666624574734943e-03 4.0001206545128409e-03 0.0000000000000000e+00 -1.0729510702398359e-02 2.0279999999999998e+02
6.8511764714919675e-03 4.8852131004716174e-03 0.0000000000000000e+00 -1.1799117162375250e-02 2.0303999999999999e+02
6.9832234954358158e-03 5.8723007785052243e-03 0.0000000000000000e+00 -1.2918251864352914e-02 2.0328000000000000e+02
7.0727539572990215e-03 6.9083315861970026e-03 0.0000000000000000e+00 -1.4043813133907568e-02 2.0351999999999998e+02
7.1153829433358313e-03 7.9561873777381446e-03 0.0000000000000000e+00 -1.5134297911485906e-02 2.0375999999999999e+02
7.0881070529397357e-03 8.9953184347075135e-03 0.0000000000000000e+00 -1.6146153078058889e-02 2.0400000000000000e+02
