0.0000000000000000e+00 2.0942518803246787e-06 0.0000000000000000e+00 0.0000000000000000e+00 0.0000000000000000e+00
2.6126923368193609e-07 1.8396052245323607e-06 0.0000000000000000e+00 -2.8218678431376650e-09 4.7999999999999998e-01
9.0407976930224511e-07 1.2004524830618483e-06 0.0000000000000000e+00 3.0444276932034553e-09 9.5999999999999996e-01
1.6524674674146532e-06 4.9378977869523090e-07 0.0000000000000000e+00 -1.8784388147603167e-08 1.4399999999999999e+00
2.1491676824026422e-06 6.0646704843323497e-08 0.0000000000000000e+00 -5.9116281535368569e-08 1.9199999999999999e+00
2.1180755474483722e-06 1.2820485648157707e-07 0.0000000000000000e+00 -7.1285386617274853e-08 2.3999999999999999e+00
1.5828804767940858e-06 6.8030173340087720e-07 0.0000000000000000e+00 -7.0404190383371335e-08 2.8799999999999999e+00
8.3289130063949007e-07 1.4524779985788268e-06 0.0000000000000000e+00 -8.5436793890426580e-08 3.3599999999999999e+00
2.4507600231595967e-07 2.0726773252011414e-06 0.0000000000000000e+00 -1.1676264807291838e-07 3.8399999999999999e+00
1.3199261837570213e-07 2.2432373490430232e-06 0.0000000000000000e+00 -1.7431103402738322e-07 4.3200000000000003e+00
5.8878559746103541e-07 1.8863882423006384e-06 0.0000000000000000e+00 -2.7634028482413306e-07 4.7999999999999998e+00
1.4107258973752849e-06 1.1954875069536283e-06 0.0000000000000000e+00 -3.9746203438717519e-07 5.2799999999999994e+00
2.1895047655496225e-06 5.4476667419203738e-07 0.0000000000000000e+00 -4.9571237879530452e-07 5.7599999999999998e+00
2.5352899695466984e-06 2.9332641851787602e-07 0.0000000000000000e+00 -5.6026600664420942e-07 6.2400000000000002e+00
2.2885156180671937e-06 5.9371148952313812e-07 0.0000000000000000e+00 -5.9351520822353709e-07 6.7199999999999998e+00
1.6101340562409312e-06 1.3098323852206042e-06 0.0000000000000000e+00 -6.1698428847316526e-07 7.1999999999999993e+00
8.9792246256477697e-07 2.0890550996882235e-06 0.0000000000000000e+00 -6.7924978991385069e-07 7.6799999999999997e+00
5.6964942354221358e-07 2.5517737103225684e-06 0.0000000000000000e+00 -8.1611485973701535e-07 8.1600000000000001e+00
8.3301466084698438e-07 2.4959736566636605e-06 0.0000000000000000e+00 -1.0141028140542552e-06 8.6400000000000006e+00
1.5703007246111348e-06 2.0046533148246301e-06 0.0000000000000000e+00 -1.2481644551139406e-06 9.1199999999999992e+00
2.4038935618870957e-06 1.3964962754215992e-06 0.0000000000000000e+00 -1.4526360463458886e-06 9.5999999999999996e+00
2.9093738582881147e-06 1.0464395139448914e-06 0.0000000000000000e+00 -1.5742497457109152e-06 1.0080000000000000e+01
2.8567913127348322e-06 1.1769636193171501e-06 0.0000000000000000e+00 -1.6239855640159937e-06 1.0559999999999999e+01
2.3431215851610996e-06 1.7371385419504216e-06 0.0000000000000000e+00 -1.6526849159758259e-06 1.1039999999999999e+01
1.7366654916672037e-06 2.4388798210121050e-06 0.0000000000000000e+00 -1.7441183248775669e-06 1.1520000000000000e+01
1.4614274966681617e-06 2.9290129654485621e-06 0.0000000000000000e+00 -1.9685620464099303e-06 1.2000000000000000e+01
1.7463955209409149e-06 2.9976223511748278e-06 0.0000000000000000e+00 -2.3205224328341904e-06 1.2480000000000000e+01
2.4858734417408623e-06 2.7001016240249652e-06 0.0000000000000000e+00 -2.7346080020163660e-06 1.2959999999999999e+01
3.2980701600737533e-06 2.3198553668941548e-06 0.0000000000000000e+00 -3.1235429087541880e-06 1.3440000000000000e+01
3.7537975584790778e-06 2.1919976660335515e-06 0.0000000000000000e+00 -3.4150001101506017e-06 1.3920000000000000e+01
3.6431028364481469e-06 2.4931619996070914e-06 0.0000000000000000e+00 -3.5728361675314873e-06 1.4399999999999999e+01
3.1184258239889324e-06 3.1255509307485534e-06 0.0000000000000000e+00 -3.6430486691041850e-06 1.4879999999999999e+01
2.6179309862138766e-06 3.7726070778882913e-06 0.0000000000000000e+00 -3.7445701825752219e-06 1.5359999999999999e+01
2.6052125786649126e-06 4.0979463638167370e-06 0.0000000000000000e+00 -4.0247808848068418e-06 1.5840000000000000e+01
3.2744422141431197e-06 3.9691203878492414e-06 0.0000000000000000e+00 -4.5118608133792853e-06 1.6320000000000000e+01
4.4012815977306775e-06 3.5660237118417843e-06 0.0000000000000000e+00 -5.1870491719984208e-06 1.6800000000000001e+01
5.4469398674065548e-06 3.2932754132763627e-06 0.0000000000000000e+00 -5.9035766809023982e-06 1.7280000000000001e+01
5.8709262600014755e-06 3.5364028780856577e-06 0.0000000000000000e+00 -6.5193414317547754e-06 1.7759999999999998e+01
5.4791140043909779e-06 4.4024487810135392e-06 0.0000000000000000e+00 -6.8882315191027020e-06 1.8239999999999998e+01
4.5893136713146621e-06 5.6104835024339557e-06 0.0000000000000000e+00 -7.0827828921664788e-06 1.8719999999999999e+01
3.8949978197805102e-06 6.6193195030649916e-06 0.0000000000000000e+00 -7.2387697183240584e-06 1.9199999999999999e+01
4.0777777339745374e-06 6.9404888836584922e-06 0.0000000000000000e+00 -7.5874342036498768e-06 1.9680000000000000e+01
5.3826772601859180e-06 6.4594514492433357e-06 0.0000000000000000e+00 -8.3038013601417712e-06 2.0160000000000000e+01
7.4087885320032556e-06 5.5667714149955810e-06 0.0000000000000000e+00 -9.4602157143077793e-06 2.0640000000000001e+01
9.2744182055970307e-06 4.9919474981559232e-06 0.0000000000000000e+00 -1.0699612625837123e-05 2.1119999999999997e+01
1.0096452542469150e-05 5.4034725421635762e-06 0.0000000000000000e+00 -1.1846221937414823e-05 2.1599999999999998e+01
9.5275725776603596e-06 6.9916377735227360e-06 0.0000000000000000e+00 -1.2852940067197234e-05 2.2079999999999998e+01
8.0341562228600992e-06 9.2864354808319732e-06 0.0000000000000000e+00 -1.3533680276195375e-05 2.2559999999999999e+01
6.7163406518089103e-06 1.1352563329159840e-05 0.0000000000000000e+00 -1.4121877089821366e-05 2.3039999999999999e+01
6.7325751525319344e-06 1.2284756860933455e-05 0.0000000000000000e+00 -1.4959421318129200e-05 2.3520000000000000e+01
8.6200833786953619e-06 1.1752415024323043e-05 0.0000000000000000e+00 -1.6295853306374303e-05 2.4000000000000000e+01
1.1913034045200808e-05 1.0267174200291568e-05 0.0000000000000000e+00 -1.8160688375137710e-05 2.4480000000000000e+01
1.5303668146357396e-05 8.9891135140914522e-06 0.0000000000000000e+00 -2.0224509450130107e-05 2.4960000000000001e+01
1.7318971261418791e-05 9.1285604544362457e-06 0.0000000000000000e+00 -2.2133957282634113e-05 2.5439999999999998e+01
1.7166148924719197e-05 1.1251598360974458e-05 0.0000000000000000e+00 -2.3829714547204881e-05 2.5919999999999998e+01
1.5264001443847925e-05 1.4886434928193344e-05 0.0000000000000000e+00 -2.5324534586037716e-05 2.6399999999999999e+01
1.3120812004370537e-05 1.8689881664993532e-05 0.0000000000000000e+00 -2.6855538388890313e-05 2.6879999999999999e+01
1.2574771272987768e-05 2.1131606834371576e-05 0.0000000000000000e+00 -2.8679549918037181e-05 2.7359999999999999e+01
1.4769709126288042e-05 2.1353712170279861e-05 0.0000000000000000e+00 -3.1105836220817127e-05 2.7840000000000000e+01
1.9437644590746146e-05 1.9729695792059108e-05 0.0000000000000000e+00 -3.3968299854314688e-05 2.8320000000000000e+01
2.4935480358261869e-05 1.7764888312567833e-05 0.0000000000000000e+00 -3.7265647959930092e-05 2.8799999999999997e+01
2.9074720451288434e-05 1.7347033973343515e-05 0.0000000000000000e+00 -4.0578968098977207e-05 2.9279999999999998e+01
3.0330498948675320e-05 1.9710527570351438e-05 0.0000000000000000e+00 -4.3756594291117029e-05 2.9759999999999998e+01
2.8770360912808127e-05 2.4688643184459500e-05 0.0000000000000000e+00 -4.6813747307668839e-05 3.0239999999999998e+01
2.6145839040948496e-05 3.0705185349574601e-05 0.0000000000000000e+00 -5.0081974119811477e-05 3.0719999999999999e+01
2.5030343146884269e-05 3.5562024300299629e-05 0.0000000000000000e+00 -5.3927949695923696e-05 3.1199999999999999e+01
2.7413473463094505e-05 3.7647518634633070e-05 0.0000000000000000e+00 -5.8662135444955106e-05 3.1680000000000000e+01
3.3537742120165648e-05 3.6891318821320076e-05 0.0000000000000000e+00 -6.4017451443403771e-05 3.2159999999999997e+01
4.1636663029629422e-05 3.4927039913983217e-05 0.0000000000000000e+00 -6.9586953105483054e-05 3.2640000000000001e+01
4.8827234120662112e-05 3.4277945624273747e-05 0.0000000000000000e+00 -7.5150646082615776e-05 3.3119999999999997e+01
5.2674247175815485e-05 3.7000955620585137e-05 0.0000000000000000e+00 -8.0781584033184754e-05 3.3600000000000001e+01
5.2634482781595942e-05 4.3496152121556256e-05 0.0000000000000000e+00 -8.6565723370745393e-05 3.4079999999999998e+01
5.0495867615059275e-05 5.2190568348623190e-05 0.0000000000000000e+00 -9.2729649928718102e-05 3.4560000000000002e+01
4.9517107171498869e-05 6.0325577884540136e-05 0.0000000000000000e+00 -9.9549627924922106e-05 3.5039999999999999e+01
5.2647224630354037e-05 6.5469596571006468e-05 0.0000000000000000e+00 -1.0722791196824766e-04 3.5519999999999996e+01
6.0832463046953106e-05 6.6942115259085490e-05 0.0000000000000000e+00 -1.1588383559074188e-04 3.6000000000000000e+01
7.2376261942446303e-05 6.6303383517157111e-05 0.0000000000000000e+00 -1.2551023994884344e-04 3.6479999999999997e+01
8.3758711506937074e-05 6.6613491719961197e-05 0.0000000000000000e+00 -1.3605447537332532e-04 3.6960000000000001e+01
9.1592526138425240e-05 7.0756476871806933e-05 0.0000000000000000e+00 -1.4701013283198664e-04 3.7439999999999998e+01
9.4589413977824174e-05 7.9808769056670932e-05 0.0000000000000000e+00 -1.5809257550508497e-04 3.7920000000000002e+01
9.4481398111725856e-05 9.2318733631977466e-05 0.0000000000000000e+00 -1.6930872502802629e-04 3.8399999999999999e+01
9.5188140720008112e-05 1.0504473184304471e-04 0.0000000000000000e+00 -1.8109235841680475e-04 3.8879999999999995e+01
1.0069066830888654e-04 1.1475877427786365e-04 0.0000000000000000e+00 -1.9427939363925655e-04 3.9359999999999999e+01
1.1275289466294909e-04 1.2013732012117770e-04 0.0000000000000000e+00 -2.0989556142529743e-04 3.9839999999999996e+01
1.2975700546357538e-04 1.2268475125907217e-04 0.0000000000000000e+00 -2.2778515626064772e-04 4.0320000000000000e+01
1.4750444413160125e-04 1.2601742909314664e-04 0.0000000000000000e+00 -2.4772396138176504e-04 4.0799999999999997e+01
1.6152089619391431e-04 1.3390649684799530e-04 0.0000000000000000e+00 -2.6829743557597429e-04 4.1280000000000001e+01
1.6972068434102088e-04 1.4810009381433935e-04 0.0000000000000000e+00 -2.8860017343392908e-04 4.1759999999999998e+01
1.7383060223736467e-04 1.6719575314228489e-04 0.0000000000000000e+00 -3.0905081083631238e-04 4.2239999999999995e+01
1.7864065604643325e-04 1.8732228715181249e-04 0.0000000000000000e+00 -3.3170495294621954e-04 4.2719999999999999e+01
1.8944592809204958e-04 2.0431253342379310e-04 0.0000000000000000e+00 -3.5615059048534076e-04 4.3199999999999996e+01
2.0895690578477384e-04 2.1621042251082005e-04 0.0000000000000000e+00 -3.8441714236693412e-04 4.3680000000000000e+01
2.3558338123970331e-04 2.2461351438645899e-04 0.0000000000000000e+00 -4.1621578751704165e-04 4.4159999999999997e+01
2.6411671607592615e-04 2.3403276230664810e-04 0.0000000000000000e+00 -4.5135914793882653e-04 4.4640000000000001e+01
2.8858576655236716e-04 2.4946239808533015e-04 0.0000000000000000e+00 -4.8728412122010301e-04 4.5119999999999997e+01
3.0585557361983008e-04 2.7346545364122558e-04 0.0000000000000000e+00 -5.2346854012836762e-04 4.5600000000000001e+01
3.1774451504044634e-04 3.0455588023248719e-04 0.0000000000000000e+00 -5.6156764809435695e-04 4.6079999999999998e+01
3.3044236623695137e-04 3.3778458021285231e-04 0.0000000000000000e+00 -6.0317633533787159e-04 4.6559999999999995e+01
3.5111325786434523e-04 3.6759490840960910e-04 0.0000000000000000e+00 -6.4899791350167828e-04 4.7039999999999999e+01
3.8396849188516438e-04 3.9106539836731376e-04 0.0000000000000000e+00 -7.0089860551291036e-04 4.7519999999999996e+01
4.2742780768827452e-04 4.1004962375759284e-04 0.0000000000000000e+00 -7.5990656434455175e-04 4.8000000000000000e+01
4.7481302137505123e-04 4.3048454773300069e-04 0.0000000000000000e+00 -8.2433799050299209e-04 4.8479999999999997e+01
5.1790314539133277e-04 4.5932551523042946e-04 0.0000000000000000e+00 -8.9219960370913540e-04 4.8960000000000001e+01
5.5185135450950575e-04 5.0055567883254169e-04 0.0000000000000000e+00 -9.6297728094878079e-04 4.9439999999999998e+01
5.7841495050636217e-04 5.5267062390147303e-04 0.0000000000000000e+00 -1.0372446790238563e-03 4.9920000000000002e+01
6.0559338573295738e-04 6.0919690323668098e-04 0.0000000000000000e+00 -1.1187434139876523e-03 5.0399999999999999e+01
6.4352834869124101e-04 6.6226749746164275e-04 0.0000000000000000e+00 -1.2074620950599912e-03 5.0879999999999995e+01
6.9880380584170794e-04 7.0724262971210458e-04 0.0000000000000000e+00 -1.3058354665995023e-03 5.1359999999999999e+01
7.7033632313162556e-04 7.4593069724953633e-04 0.0000000000000000e+00 -1.4135956368773260e-03 5.1839999999999996e+01
8.4960906823519037e-04 7.8616818576710858e-04 0.0000000000000000e+00 -1.5305076814690337e-03 5.2320000000000000e+01
9.2522741404254768e-04 8.3787839447057428e-04 0.0000000000000000e+00 -1.6534289257798759e-03 5.2799999999999997e+01
9.8934217801114992e-04 9.0763179701751817e-04 0.0000000000000000e+00 -1.7812517894650567e-03 5.3280000000000001e+01
1.0429437478647499e-03 9.9443747685415201e-04 0.0000000000000000e+00 -1.9141806661113407e-03 5.3759999999999998e+01
1.0960595166646043e-03 1.0900810444272051e-03 0.0000000000000000e+00 -2.0507271090328323e-03 5.4239999999999995e+01
1.1627979823224464e-03 1.1833282689256216e-03 0.0000000000000000e+00 -2.1948796363409030e-03 5.4719999999999999e+01
1.2535375327142884e-03 1.2665660516280907e-03 0.0000000000000000e+00 -2.3512598741038094e-03 5.5199999999999996e+01
1.3687759103016440e-03 1.3407076884151608e-03 0.0000000000000000e+00 -2.5217020347417418e-03 5.5680000000000000e+01
1.4981314456168566e-03 1.4155762445253960e-03 0.0000000000000000e+00 -2.7036708681973777e-03 5.6159999999999997e+01
1.6259546086839823e-03 1.5049756463813239e-03 0.0000000000000000e+00 -2.8967272131291666e-03 5.6640000000000001e+01
1.7400109680247406e-03 1.6193152702529742e-03 0.0000000000000000e+00 -3.1007027518769586e-03 5.7119999999999997e+01
1.8392833493095367e-03 1.7593817984515813e-03 0.0000000000000000e+00 -3.3131554766898472e-03 5.7599999999999994e+01
1.9355522411288934e-03 1.9153905373709948e-03 0.0000000000000000e+00 -3.5418842682567514e-03 5.8079999999999998e+01
2.0475670213932259e-03 2.0721897383003708e-03 0.0000000000000000e+00 -3.7949725837538822e-03 5.8559999999999995e+01
2.1910520842844095e-03 2.2177687285415615e-03 0.0000000000000000e+00 -4.0765450070599923e-03 5.9039999999999999e+01
2.3693504386140475e-03 2.3507537267113705e-03 0.0000000000000000e+00 -4.3818739785760549e-03 5.9519999999999996e+01
2.5708687476777388e-03 2.4821955293203093e-03 0.0000000000000000e+00 -4.7093351233292785e-03 6.0000000000000000e+01
2.7751533814580672e-03 2.6300601504913703e-03 0.0000000000000000e+00 -5.0573782645081536e-03 6.0479999999999997e+01
2.9639380483001167e-03 2.8099210667556600e-03 0.0000000000000000e+00 -5.4242483184851710e-03 6.0960000000000001e+01
3.1327772878455905e-03 3.0255787025508327e-03 0.0000000000000000e+00 -5.8082192877026246e-03 6.1439999999999998e+01
3.2936712391306890e-03 3.2667763597639290e-03 0.0000000000000000e+00 -6.2149809210757662e-03 6.1919999999999995e+01
3.4701609255246503e-03 3.5137884213301226e-03 0.0000000000000000e+00 -6.6467103914319339e-03 6.2399999999999999e+01
3.6837699240342163e-03 3.7491142835219290e-03 0.0000000000000000e+00 -7.1041455824483726e-03 6.2879999999999995e+01
3.9421906871195496e-03 3.9671164460303322e-03 0.0000000000000000e+00 -7.5903710398347391e-03 6.3359999999999999e+01
4.2336308388850850e-03 4.1786863917311597e-03 0.0000000000000000e+00 -8.1199518819428263e-03 6.3839999999999996e+01
4.5331088864472699e-03 4.4057655834834342e-03 0.0000000000000000e+00 -8.7009179995199536e-03 6.4319999999999993e+01
4.8161057877533324e-03 4.6696579455270688e-03 0.0000000000000000e+00 -9.3193394521344178e-03 6.4799999999999997e+01
5.0720014571376242e-03 4.9788505127858224e-03 0.0000000000000000e+00 -9.9648825164708587e-03 6.5280000000000001e+01
5.3111742457684370e-03 5.3235268004656090e-03 0.0000000000000000e+00 -1.0647466934690791e-02 6.5759999999999991e+01
5.5613102702474050e-03 5.6794101305113649e-03 0.0000000000000000e+00 -1.1370444348566695e-02 6.6239999999999995e+01
5.8500102569445170e-03 6.0229093457010215e-03 0.0000000000000000e+00 -1.2121332851965542e-02 6.6719999999999999e+01
6.1910286560522667e-03 6.3414437230197573e-03 0.0000000000000000e+00 -1.2897671630161480e-02 6.7200000000000003e+01
6.5720878101537357e-03 6.6446515286441646e-03 0.0000000000000000e+00 -1.3706359274303651e-02 6.7679999999999993e+01
6.9642161730993253e-03 6.9559167638832652e-03 0.0000000000000000e+00 -1.4533071576884804e-02 6.8159999999999997e+01
7.3337387549665609e-03 7.3023689376607668e-03 0.0000000000000000e+00 -1.5346251253170762e-02 6.8640000000000001e+01
7.6631226541600591e-03 7.6963145885559012e-03 0.0000000000000000e+00 -1.6131788472838755e-02 6.9120000000000005e+01
7.9591156967340065e-03 8.1292073555582749e-03 0.0000000000000000e+00 -1.6899160354481198e-02 6.9599999999999994e+01
8.2510759270172339e-03 8.5732600901198934e-03 0.0000000000000000e+00 -1.7655197950583543e-02 7.0079999999999998e+01
8.5728821305640947e-03 8.9969817190881079e-03 0.0000000000000000e+00 -1.8387406585822299e-02 7.0560000000000002e+01
8.9427120187421938e-03 9.3818748720118344e-03 0.0000000000000000e+00 -1.9092817421756548e-02 7.1039999999999992e+01
9.3528972940310449e-03 9.7311489952363484e-03 0.0000000000000000e+00 -1.9731540918888565e-02 7.1519999999999996e+01
9.7677543648191801e-03 1.0071339172980080e-02 0.0000000000000000e+00 -2.0292414931790848e-02 7.2000000000000000e+01
1.0148776125425387e-02 1.0431056947150932e-02 0.0000000000000000e+00 -2.0768125035821195e-02 7.2480000000000004e+01
1.0468578739117284e-02 1.0830048997864907e-02 0.0000000000000000e+00 -2.1152463450726765e-02 7.2959999999999994e+01
1.0729931717078050e-02 1.1260932993257627e-02 0.0000000000000000e+00 -2.1455069869410742e-02 7.3439999999999998e+01
1.0960959728927980e-02 1.1695399479750462e-02 0.0000000000000000e+00 -2.1695120032313598e-02 7.3920000000000002e+01
1.1200918076298475e-02 1.2095560657912587e-02 0.0000000000000000e+00 -2.1864783649878417e-02 7.4399999999999991e+01
1.1474579422591141e-02 1.2435237617588834e-02 0.0000000000000000e+00 -2.1937061090963300e-02 7.4879999999999995e+01
1.1775220706206534e-02 1.2713828933309074e-02 0.0000000000000000e+00 -2.1925144849686298e-02 7.5359999999999999e+01
1.2071116951714263e-02 1.2953784700740255e-02 0.0000000000000000e+00 -2.1863209433604661e-02 7.5840000000000003e+01
1.2318589570606145e-02 1.3189729725992970e-02 0.0000000000000000e+00 -2.1750757387969138e-02 7.6319999999999993e+01
1.2485765695938303e-02 1.3446475628694369e-02 0.0000000000000000e+00 -2.1599702251934444e-02 7.6799999999999997e+01
1.2571563258809881e-02 1.3721466089859160e-02 0.0000000000000000e+00 -2.1382690613861229e-02 7.7280000000000001e+01
1.2600597960327167e-02 1.3990186423989897e-02 0.0000000000000000e+00 -2.1088018989342504e-02 7.7759999999999991e+01
1.2616102119825133e-02 1.4209302335411168e-02 0.0000000000000000e+00 -2.0737218919694204e-02 7.8239999999999995e+01
1.2645937567301327e-02 1.4350650480017938e-02 0.0000000000000000e+00 -2.0373589217504012e-02 7.8719999999999999e+01
1.2696204570231726e-02 1.4406160584979739e-02 0.0000000000000000e+00 -2.0049844683882517e-02 7.9200000000000003e+01
1.2741375421993533e-02 1.4398067752782261e-02 0.0000000000000000e+00 -1.9743318475927987e-02 7.9679999999999993e+01
1.2737347299829825e-02 1.4364556697352007e-02 0.0000000000000000e+00 -1.9367251638674948e-02 8.0159999999999997e+01
1.2649653960812227e-02 1.4333287905757762e-02 0.0000000000000000e+00 -1.8838240127146806e-02 8.0640000000000001e+01
1.2466451133454867e-02 1.4313980705909130e-02 0.0000000000000000e+00 -1.8113039460284593e-02 8.1119999999999990e+01
1.2211548269600695e-02 1.4282822345651223e-02 0.0000000000000000e+00 -1.7201325339730695e-02 8.1599999999999994e+01
1.1925401486581376e-02 1.4203913060717437e-02 0.0000000000000000e+00 -1.6171423189670464e-02 8.2079999999999998e+01
1.1641375425640574e-02 1.4047219356964518e-02 0.0000000000000000e+00 -1.5082491748047403e-02 8.2560000000000002e+01
1.1380323412032491e-02 1.3795581336586791e-02 0.0000000000000000e+00 -1.3966980144227478e-02 8.3039999999999992e+01
1.1115253216412820e-02 1.3473733610161062e-02 0.0000000000000000e+00 -1.2890349879960976e-02 8.3519999999999996e+01
1.0820041472274423e-02 1.3109198959368185e-02 0.0000000000000000e+00 -1.1820855174163598e-02 8.4000000000000000e+01
1.0456825882817711e-02 1.2743034664279515e-02 0.0000000000000000e+00 -1.0697276324154740e-02 8.4479999999999990e+01
1.0016016626631690e-02 1.2390312404105739e-02 0.0000000000000000e+00 -9.5182468068317812e-03 8.4959999999999994e+01
9.5154419803909242e-03 1.2042145193210894e-02 0.0000000000000000e+00 -8.2884423050743547e-03 8.5439999999999998e+01
8.9849961429664879e-03 1.1675934350598388e-02 0.0000000000000000e+00 -6.9923327191392616e-03 8.5920000000000002e+01
8.4701448208473543e-03 1.1253652777041679e-02 0.0000000000000000e+00 -5.6630923345056226e-03 8.6399999999999991e+01
7.9823610690380915e-03 1.0768729536556875e-02 0.0000000000000000e+00 -4.3392565190714365e-03 8.6879999999999995e+01
7.5205711161528089e-03 1.0225848696777097e-02 0.0000000000000000e+00 -3.0679611577150005e-03 8.7359999999999999e+01
7.0573536931580316e-03 9.6581182547664530e-03 0.0000000000000000e+00 -1.8185672667915096e-03 8.7840000000000003e+01
6.5707545192324884e-03 9.0955928628201829e-03 0.0000000000000000e+00 -6.2793670699273297e-04 8.8319999999999993e+01
6.0451286704074712e-03 8.5653733409722897e-03 0.0000000000000000e+00 5.0318589897691847e-04 8.8799999999999997e+01
5.4943180150068055e-03 8.0694844651224978e-03 0.0000000000000000e+00 1.5260014404980392e-03 8.9280000000000001e+01
4.9396723625804769e-03 7.5999368568416409e-03 0.0000000000000000e+00 2.3451441256411559e-03 8.9759999999999991e+01
4.4202081407897342e-03 7.1287977496972124e-03 0.0000000000000000e+00 2.9988422639854041e-03 9.0239999999999995e+01
3.9508305582937686e-03 6.6492015302984566e-03 0.0000000000000000e+00 3.5452960144927124e-03 9.0719999999999999e+01
3.5374900747679491e-03 6.1587354121869688e-03 0.0000000000000000e+00 4.0141441333857711e-03 9.1200000000000003e+01
3.1676834836347838e-03 5.6759554011782485e-03 0.0000000000000000e+00 4.4138251522994011e-03 9.1679999999999993e+01
2.8357569832641520e-03 5.2181951420914308e-03 0.0000000000000000e+00 4.7364100726532765e-03 9.2159999999999997e+01
2.5202771409559019e-03 4.8210346768436073e-03 0.0000000000000000e+00 4.9835723892575580e-03 9.2640000000000001e+01
2.2339043675394217e-03 4.4856979534827913e-03 0.0000000000000000e+00 5.2348044344317623e-03 9.3119999999999990e+01
1.9729178808895491e-03 4.2237893743100208e-03 0.0000000000000000e+00 5.5439910146033869e-03 9.3599999999999994e+01
1.7610566719869652e-03 4.0146712809173320e-03 0.0000000000000000e+00 5.9409427629249266e-03 9.4079999999999998e+01
1.5956107160331632e-03 3.8626819851000187e-03 0.0000000000000000e+00 6.3978284462726269e-03 9.4560000000000002e+01
1.4996058757071737e-03 3.7459716865701977e-03 0.0000000000000000e+00 6.8482917887081234e-03 9.5039999999999992e+01
1.4738775694565658e-03 3.6721622575832005e-03 0.0000000000000000e+00 7.3222634502523440e-03 9.5519999999999996e+01
1.5161231499658287e-03 3.6495250556782318e-03 0.0000000000000000e+00 7.8196705460296945e-03 9.6000000000000000e+01
1.6238551388374186e-03 3.6862779779062841e-03 0.0000000000000000e+00 8.3709591345826426e-03 9.6479999999999990e+01
1.7931920654462950e-03 3.7927604923286553e-03 0.0000000000000000e+00 8.8702470662099346e-03 9.6959999999999994e+01
2.0000821751936749e-03 3.9942043353510563e-03 0.0000000000000000e+00 9.2852369543517527e-03 9.7439999999999998e+01
2.2533084271187716e-03 4.2786451541166805e-03 0.0000000000000000e+00 9.5013875700492353e-03 9.7920000000000002e+01
2.5319253386894888e-03 4.6630356498617532e-03 0.0000000000000000e+00 9.5097526547360256e-03 9.8399999999999991e+01
2.8575288597091734e-03 5.1135458838316135e-03 0.0000000000000000e+00 9.3088107870908914e-03 9.8879999999999995e+01
3.2014215804969520e-03 5.6406398722765264e-03 0.0000000000000000e+00 8.9282720459754935e-03 9.9359999999999999e+01
3.5978524010145201e-03 6.1950362109358574e-03 0.0000000000000000e+00 8.3431366585689174e-03 9.9840000000000003e+01
4.0255472862638754e-03 6.7765096785826788e-03 0.0000000000000000e+00 7.5231695920956005e-03 1.0031999999999999e+02
4.4864601574320009e-03 7.3616615239940958e-03 0.0000000000000000e+00 6.4362176134903550e-03 1.0080000000000000e+02
4.9386059585904939e-03 7.9688159047696869e-03 0.0000000000000000e+00 5.1995891707734233e-03 1.0128000000000000e+02
5.3705354512573571e-03 8.5772537320871062e-03 0.0000000000000000e+00 3.8274193933931729e-03 1.0175999999999999e+02
5.7241147439307562e-03 9.2037049455957701e-03 0.0000000000000000e+00 2.4801653328842461e-03 1.0223999999999999e+02
5.9824604374766419e-03 9.8177338903343431e-03 0.0000000000000000e+00 1.1845223836404251e-03 1.0272000000000000e+02
6.1391940615414271e-03 1.0386513750259601e-02 0.0000000000000000e+00 1.1016670971621223e-04 1.0320000000000000e+02
6.2150946472206755e-03 1.0851240530734080e-02 0.0000000000000000e+00 -7.6476094986771374e-04 1.0367999999999999e+02
6.2111710741278615e-03 1.1179544523554205e-02 0.0000000000000000e+00 -1.3949645551018545e-03 1.0416000000000000e+02
6.1553843220664099e-03 1.1320810210363592e-02 0.0000000000000000e+00 -1.6931389372996674e-03 1.0464000000000000e+02
6.0202797156248995e-03 1.1286492968574063e-02 0.0000000000000000e+00 -1.7738033382916835e-03 1.0511999999999999e+02
5.8101992634939838e-03 1.1070078321299671e-02 0.0000000000000000e+00 -1.6380912761614424e-03 1.0559999999999999e+02
5.4894005396171688e-03 1.0718429958444520e-02 0.0000000000000000e+00 -1.3759180338757560e-03 1.0608000000000000e+02
5.0725848135927407e-03 1.0240733146021421e-02 0.0000000000000000e+00 -9.5454283536817769e-04 1.0656000000000000e+02
4.5531571531438296e-03 9.6721874563325365e-03 0.0000000000000000e+00 -3.2935683643198834e-04 1.0703999999999999e+02
3.9852515579941860e-03 8.9964305140056520e-03 0.0000000000000000e+00 4.7027796518579247e-04 1.0752000000000000e+02
3.3791840242846875e-03 8.2442291718838913e-03 0.0000000000000000e+00 1.5147607944242074e-03 1.0800000000000000e+02
2.7926570545083896e-03 7.3989844803391295e-03 0.0000000000000000e+00 2.7576528663316828e-03 1.0847999999999999e+02
2.2331654241792539e-03 6.5012850195942506e-03 0.0000000000000000e+00 4.1768830884120279e-03 1.0895999999999999e+02
1.7229111197698912e-03 5.5792573013727174e-03 0.0000000000000000e+00 5.6491145765864628e-03 1.0944000000000000e+02
1.2622280836978930e-03 4.6915686566188575e-03 0.0000000000000000e+00 7.1263685953474945e-03 1.0992000000000000e+02
8.5910901142539800e-04 3.8906956183336577e-03 0.0000000000000000e+00 8.5417328557281375e-03 1.1039999999999999e+02
5.4437048489171594e-04 3.2088666846148816e-03 0.0000000000000000e+00 9.6765200988735665e-03 1.1088000000000000e+02
3.3227808092384502e-04 2.6829519314541181e-03 0.0000000000000000e+00 1.0530157081378408e-02 1.1136000000000000e+02
2.5135728709452232e-04 2.3262236663906433e-03 0.0000000000000000e+00 1.1113472125516898e-02 1.1183999999999999e+02
2.9869242286977807e-04 2.1642741711877475e-03 0.0000000000000000e+00 1.1302586085497330e-02 1.1231999999999999e+02
4.8704766654769817e-04 2.1959238597317752e-03 0.0000000000000000e+00 1.1069527821595702e-02 1.1280000000000000e+02
7.9409177954800094e-04 2.4365738242862543e-03 0.0000000000000000e+00 1.0412043567730123e-02 1.1328000000000000e+02
1.1972502452128086e-03 2.8893665277601255e-03 0.0000000000000000e+00 9.3240578139796929e-03 1.1375999999999999e+02
1.7018006334959283e-03 3.5210682296009338e-03 0.0000000000000000e+00 7.8951728216894741e-03 1.1423999999999999e+02
2.2745473194146137e-03 4.3260040663421970e-03 0.0000000000000000e+00 6.3687143275538444e-03 1.1472000000000000e+02
2.9040177868539965e-03 5.2595799546544513e-03 0.0000000000000000e+00 4.8349420813541500e-03 1.1519999999999999e+02
3.5532295421437498e-03 6.2820147393843132e-03 0.0000000000000000e+00 3.4329304147133672e-03 1.1567999999999999e+02
4.2061515637717836e-03 7.3319968066027832e-03 0.0000000000000000e+00 2.2111854330366014e-03 1.1616000000000000e+02
4.7778904781344035e-03 8.4015797629638372e-03 0.0000000000000000e+00 1.0334046294706760e-03 1.1664000000000000e+02
5.2475885132796662e-03 9.4248073297845229e-03 0.0000000000000000e+00 -1.0439810254187565e-04 1.1711999999999999e+02
5.5704293071832511e-03 1.0362483706240414e-02 0.0000000000000000e+00 -1.1616145784590266e-03 1.1759999999999999e+02
5.7593391361836933e-03 1.1126321981748847e-02 0.0000000000000000e+00 -2.0314580317017123e-03 1.1808000000000000e+02
5.7617858242644433e-03 1.1695322383871901e-02 0.0000000000000000e+00 -2.7216301370234738e-03 1.1856000000000000e+02
5.6469699350811271e-03 1.1952694826417061e-02 0.0000000000000000e+00 -3.1731666493205095e-03 1.1903999999999999e+02
5.3741404444291241e-03 1.1902053002785101e-02 0.0000000000000000e+00 -3.2654845894881843e-03 1.1952000000000000e+02
4.9940944017259174e-03 1.1489469125634267e-02 0.0000000000000000e+00 -2.9574485214860467e-03 1.2000000000000000e+02
4.4773886018961654e-03 1.0771636007734760e-02 0.0000000000000000e+00 -2.2936572269059278e-03 1.2047999999999999e+02
3.8987505199210445e-03 9.7404162759991055e-03 0.0000000000000000e+00 -1.0515381980437857e-03 1.2095999999999999e+02
3.2639727259051788e-03 8.4897429663869130e-03 0.0000000000000000e+00 6.6944270090887057e-04 1.2144000000000000e+02
2.6528262114493212e-03 7.0659443842105950e-03 0.0000000000000000e+00 2.8541228994441730e-03 1.2192000000000000e+02
2.1064339625084649e-03 5.5795847058373810e-03 0.0000000000000000e+00 5.3523741276602921e-03 1.2239999999999999e+02
1.6889788143537787e-03 4.1169321791587141e-03 0.0000000000000000e+00 7.7069953492650937e-03 1.2288000000000000e+02
1.4130759910763115e-03 2.8204350792242275e-03 0.0000000000000000e+00 9.6286585079680218e-03 1.2336000000000000e+02
1.3239700906909505e-03 1.7783093898594256e-03 0.0000000000000000e+00 1.1018371548205366e-02 1.2383999999999999e+02
1.4158482647589803e-03 1.1177860542538884e-03 0.0000000000000000e+00 1.1722603437702470e-02 1.2431999999999999e+02
1.7107866501862249e-03 9.1050240697268265e-04 0.0000000000000000e+00 1.1751513358388926e-02 1.2480000000000000e+02
2.2077591196411617e-03 1.1980320411859513e-03 0.0000000000000000e+00 1.1036469701741571e-02 1.2528000000000000e+02
2.9156895224822519e-03 1.9707157258875363e-03 0.0000000000000000e+00 9.7112281316687511e-03 1.2575999999999999e+02
3.7999958598134496e-03 3.2041706731404068e-03 0.0000000000000000e+00 7.7867926769363488e-03 1.2623999999999999e+02
4.8027509173477652e-03 4.8398222145163254e-03 0.0000000000000000e+00 5.3657755773067368e-03 1.2672000000000000e+02
5.8179166219077018e-03 6.8160344956864714e-03 0.0000000000000000e+00 2.5679726591401756e-03 1.2719999999999999e+02
6.7665514580317679e-03 8.9960556070380372e-03 0.0000000000000000e+00 -5.1258932978636112e-04 1.2767999999999999e+02
7.5160323289103857e-03 1.1269166640502211e-02 0.0000000000000000e+00 -3.7609407414425692e-03 1.2816000000000000e+02
8.0767895111375672e-03 1.3401125212909031e-02 0.0000000000000000e+00 -6.7674525288861078e-03 1.2863999999999999e+02
8.3930632413338480e-03 1.5236406674160201e-02 0.0000000000000000e+00 -9.1108114904867605e-03 1.2912000000000000e+02
8.5474577210569620e-03 1.6516165644632951e-02 0.0000000000000000e+00 -1.0735860049832666e-02 1.2959999999999999e+02
8.4902553395711927e-03 1.7164625326050079e-02 0.0000000000000000e+00 -1.1523133850548638e-02 1.3007999999999998e+02
8.3307241110352620e-03 1.7034349890134103e-02 0.0000000000000000e+00 -1.1609467966185612e-02 1.3056000000000000e+02
7.9814013061196183e-03 1.6234014530085248e-02 0.0000000000000000e+00 -1.1014689698592473e-02 1.3103999999999999e+02
7.5524035762697429e-03 1.4771802260338612e-02 0.0000000000000000e+00 -9.6747893538848724e-03 1.3151999999999998e+02
6.9824703126373138e-03 1.2881502822432519e-02 0.0000000000000000e+00 -7.5395374307177555e-03 1.3200000000000000e+02
6.3971939853049321e-03 1.0667780296488565e-02 0.0000000000000000e+00 -4.7464285308698624e-03 1.3247999999999999e+02
5.8349780831505136e-03 8.3637372756748228e-03 0.0000000000000000e+00 -1.5295724245262296e-03 1.3296000000000001e+02
5.4485358302779740e-03 6.0948838845337030e-03 0.0000000000000000e+00 1.4441202927076527e-03 1.3344000000000000e+02
5.3032872342404416e-03 4.0709692213367690e-03 0.0000000000000000e+00 3.8023863150141138e-03 1.3391999999999999e+02
5.4455184809998744e-03 2.4943557192873616e-03 0.0000000000000000e+00 5.2635504481646127e-03 1.3440000000000001e+02
5.8824048574818519e-03 1.5480295313026640e-03 0.0000000000000000e+00 5.7950829928555781e-03 1.3488000000000000e+02
6.5885761090759172e-03 1.3674609712653824e-03 0.0000000000000000e+00 5.2590089670443993e-03 1.3535999999999999e+02
7.5501669382504180e-03 2.0243370227375360e-03 0.0000000000000000e+00 3.9025752023859493e-03 1.3584000000000000e+02
8.6975115558156502e-03 3.5321906889544952e-03 0.0000000000000000e+00 1.3477155829425080e-03 1.3631999999999999e+02
1.0018978000291138e-02 5.7779026603364267e-03 0.0000000000000000e+00 -2.2738709129029029e-03 1.3679999999999998e+02
1.1408627623255306e-02 8.6482815166580712e-03 0.0000000000000000e+00 -6.4470734589449925e-03 1.3728000000000000e+02
1.2725335683132222e-02 1.1958973957279177e-02 0.0000000000000000e+00 -1.0835191110723827e-02 1.3775999999999999e+02
1.3850870689619713e-02 1.5445587905898124e-02 0.0000000000000000e+00 -1.5071893285918507e-02 1.3824000000000001e+02
1.4651838581716009e-02 1.8831996758651853e-02 0.0000000000000000e+00 -1.9001316226903486e-02 1.3872000000000000e+02
1.5045582432440776e-02 2.1851538200921478e-02 0.0000000000000000e+00 -2.2029634896363788e-02 1.3919999999999999e+02
1.5090609419891677e-02 2.4146361894261816e-02 0.0000000000000000e+00 -2.4181428973426716e-02 1.3968000000000001e+02
1.4855367737014544e-02 2.5475500863375217e-02 0.0000000000000000e+00 -2.4912397592451958e-02 1.4016000000000000e+02
1.4498390008092447e-02 2.5594973291461508e-02 0.0000000000000000e+00 -2.3962226448173043e-02 1.4063999999999999e+02
1.4095483752710435e-02 2.4499381857354754e-02 0.0000000000000000e+00 -2.1509422973450956e-02 1.4112000000000000e+02
1.3738130133731314e-02 2.2278968072347322e-02 0.0000000000000000e+00 -1.8132613437734851e-02 1.4159999999999999e+02
1.3420156955134587e-02 1.9261128841315728e-02 0.0000000000000000e+00 -1.4014785303541881e-02 1.4207999999999998e+02
1.3120262952096957e-02 1.5857197138397502e-02 0.0000000000000000e+00 -9.6749688757701985e-03 1.4256000000000000e+02
1.2895007905581839e-02 1.2457654267626555e-02 0.0000000000000000e+00 -5.3627939337616386e-03 1.4303999999999999e+02
1.2815059576947212e-02 9.4502767424784750e-03 0.0000000000000000e+00 -1.4840689979349468e-03 1.4351999999999998e+02
1.2991762465251296e-02 7.1329959160812660e-03 0.0000000000000000e+00 1.5699224249355085e-03 1.4400000000000000e+02
1.3506483651981940e-02 5.7341433813632003e-03 0.0000000000000000e+00 3.3345771692071097e-03 1.4447999999999999e+02
1.4428371726237385e-02 5.3733145668122704e-03 0.0000000000000000e+00 3.3722433410376070e-03 1.4496000000000001e+02
1.5740308934703441e-02 6.1092323464596449e-03 0.0000000000000000e+00 1.8104640212290542e-03 1.4544000000000000e+02
1.7302174684248280e-02 8.0101901345983415e-03 0.0000000000000000e+00 -6.7011888821406180e-04 1.4591999999999999e+02
1.8955239362027587e-02 1.0985825402505164e-02 0.0000000000000000e+00 -4.1519872756435308e-03 1.4640000000000001e+02
2.0491910242333010e-02 1.4877452793672198e-02 0.0000000000000000e+00 -8.2705317649356524e-03 1.4688000000000000e+02
2.1696025222447415e-02 1.9434519672313019e-02 0.0000000000000000e+00 -1.2542350748660329e-02 1.4735999999999999e+02
2.2464182266254747e-02 2.4214929025393038e-02 0.0000000000000000e+00 -1.6515893404469011e-02 1.4784000000000000e+02
2.2742411551420899e-02 2.8734030504542440e-02 0.0000000000000000e+00 -1.9895851109471566e-02 1.4831999999999999e+02
2.2641175481310991e-02 3.2410218953232817e-02 0.0000000000000000e+00 -2.2497870933170398e-02 1.4879999999999998e+02
2.2233707292426491e-02 3.4826513496289152e-02 0.0000000000000000e+00 -2.4257280329811226e-02 1.4928000000000000e+02
2.1699814425039054e-02 3.5651489394205094e-02 0.0000000000000000e+00 -2.4860606938731097e-02 1.4975999999999999e+02
2.1217193137116723e-02 3.4766001637204877e-02 0.0000000000000000e+00 -2.3850946319567259e-02 1.5023999999999998e+02
2.0872758769891871e-02 3.2335576135808689e-02 0.0000000000000000e+00 -2.1827063121959742e-02 1.5072000000000000e+02
2.0735964231214949e-02 2.8692666113750258e-02 0.0000000000000000e+00 -1.8815731061540365e-02 1.5119999999999999e+02
2.0688627779762651e-02 2.4462361539988122e-02 0.0000000000000000e+00 -1.5192812450817795e-02 1.5168000000000001e+02
2.0647137097464727e-02 2.0230971866875790e-02 0.0000000000000000e+00 -1.1482485434608716e-02 1.5216000000000000e+02
2.0577426547623526e-02 1.6533496017292447e-02 0.0000000000000000e+00 -7.5779186165450419e-03 1.5263999999999999e+02
2.0520421401741148e-02 1.3753013643270817e-02 0.0000000000000000e+00 -4.3523832293428117e-03 1.5312000000000000e+02
2.0641141694595425e-02 1.2063357506741005e-02 0.0000000000000000e+00 -2.3672111008730778e-03 1.5359999999999999e+02
2.1166033687475681e-02 1.1463579352053124e-02 0.0000000000000000e+00 -1.7052787068159532e-03 1.5407999999999998e+02
2.2111383424597016e-02 1.1991473374702128e-02 0.0000000000000000e+00 -2.6866998385364294e-03 1.5456000000000000e+02
2.3502047165824328e-02 1.3530285189054624e-02 0.0000000000000000e+00 -4.8451789189429776e-03 1.5503999999999999e+02
2.4965887194796359e-02 1.6173346710108796e-02 0.0000000000000000e+00 -8.0906475333510711e-03 1.5551999999999998e+02
2.6346731394260716e-02 1.9665124140910407e-02 0.0000000000000000e+00 -1.1677903071829228e-02 1.5600000000000000e+02
2.7147152234062430e-02 2.3976723050165634e-02 0.0000000000000000e+00 -1.5613170853792218e-02 1.5647999999999999e+02
2.7324922773137063e-02 2.8632074811684654e-02 0.0000000000000000e+00 -1.9423890546755394e-02 1.5696000000000001e+02
2.6887836020870613e-02 3.3128794803332556e-02 0.0000000000000000e+00 -2.2086672996624628e-02 1.5744000000000000e+02
2.6158230459407218e-02 3.6742876906137506e-02 0.0000000000000000e+00 -2.3733527342373679e-02 1.5791999999999999e+02
2.5373413183418528e-02 3.8970074715261573e-02 0.0000000000000000e+00 -2.4947294702635455e-02 1.5840000000000001e+02
2.4850752231709211e-02 3.9387473155667742e-02 0.0000000000000000e+00 -2.5670367680367619e-02 1.5888000000000000e+02
2.4582687566651745e-02 3.8058875501512685e-02 0.0000000000000000e+00 -2.6016933799717670e-02 1.5935999999999999e+02
2.4369212082990050e-02 3.5382918586309028e-02 0.0000000000000000e+00 -2.6317136064736121e-02 1.5984000000000000e+02
2.4063568913945402e-02 3.1862839443339869e-02 0.0000000000000000e+00 -2.6200049972954269e-02 1.6031999999999999e+02
2.3679677538608765e-02 2.7944822836020840e-02 0.0000000000000000e+00 -2.4658434174198038e-02 1.6079999999999998e+02
2.3091738118061703e-02 2.4216016132882486e-02 0.0000000000000000e+00 -2.1703018219375855e-02 1.6128000000000000e+02
2.2572483442619539e-02 2.0852069680036327e-02 0.0000000000000000e+00 -1.7939170565267587e-02 1.6175999999999999e+02
2.2262060214283431e-02 1.8117456824829674e-02 0.0000000000000000e+00 -1.4875723886998746e-02 1.6223999999999998e+02
2.2334710613086159e-02 1.6121453959481120e-02 0.0000000000000000e+00 -1.2903168550620809e-02 1.6272000000000000e+02
2.2859894054649069e-02 1.4947217446282055e-02 0.0000000000000000e+00 -1.1600466788269318e-02 1.6319999999999999e+02
2.3590294897298553e-02 1.4817451012969093e-02 0.0000000000000000e+00 -1.1274742302284417e-02 1.6368000000000001e+02
2.4387074564722076e-02 1.5722948513486868e-02 0.0000000000000000e+00 -1.2077443076855203e-02 1.6416000000000000e+02
2.5025785976543709e-02 1.7669316180760918e-02 0.0000000000000000e+00 -1.3609093152163002e-02 1.6463999999999999e+02
2.5232210792864605e-02 2.0613146047431280e-02 0.0000000000000000e+00 -1.5784861095314674e-02 1.6512000000000000e+02
2.5157429464260975e-02 2.4049290424726796e-02 0.0000000000000000e+00 -1.7998603551748569e-02 1.6559999999999999e+02
2.4872226538192002e-02 2.7511723570271453e-02 0.0000000000000000e+00 -1.9519463478943507e-02 1.6607999999999998e+02
2.4330339529095638e-02 3.0648308977699920e-02 0.0000000000000000e+00 -2.0509761788909297e-02 1.6656000000000000e+02
2.3754000093118705e-02 3.2912937128368305e-02 0.0000000000000000e+00 -2.1566719588874676e-02 1.6703999999999999e+02
2.3008692394351743e-02 3.4270502804017632e-02 0.0000000000000000e+00 -2.1046678402797246e-02 1.6751999999999998e+02
2.2298363768242829e-02 3.4386019683888491e-02 0.0000000000000000e+00 -2.0271379390786954e-02 1.6800000000000000e+02
2.1422931829528105e-02 3.3507332770773293e-02 0.0000000000000000e+00 -1.7646201741714412e-02 1.6847999999999999e+02
2.0454303406257167e-02 3.1681445798967645e-02 0.0000000000000000e+00 -1.3934835422878650e-02 1.6895999999999998e+02
1.9483709248958255e-02 2.9078194152819471e-02 0.0000000000000000e+00 -9.4507654850614908e-03 1.6944000000000000e+02
1.8559528135107178e-02 2.6001211663715086e-02 0.0000000000000000e+00 -4.7872302562279936e-03 1.6991999999999999e+02
1.7816015776404338e-02 2.2657800612638685e-02 0.0000000000000000e+00 -4.4386489794714685e-04 1.7040000000000001e+02
1.7209181230727996e-02 1.9399761368573586e-02 0.0000000000000000e+00 3.5023496091136030e-03 1.7088000000000000e+02
1.6818369983619831e-02 1.6459463187617700e-02 0.0000000000000000e+00 6.8669240364774200e-03 1.7135999999999999e+02
1.6624782429019547e-02 1.4026935980009331e-02 0.0000000000000000e+00 9.9408696902743721e-03 1.7184000000000000e+02
1.6336831280222421e-02 1.2508947227660640e-02 0.0000000000000000e+00 1.2497973187151255e-02 1.7231999999999999e+02
1.6241758355595409e-02 1.1639045738815319e-02 0.0000000000000000e+00 1.4279973037735906e-02 1.7279999999999998e+02
1.5925598037777468e-02 1.1770109964777705e-02 0.0000000000000000e+00 1.4724914629479528e-02 1.7328000000000000e+02
1.5876575898510985e-02 1.2338847945409060e-02 0.0000000000000000e+00 1.3866968715715257e-02 1.7375999999999999e+02
1.5776580977759341e-02 1.3528950053618208e-02 0.0000000000000000e+00 1.2294962790992512e-02 1.7423999999999998e+02
1.5711832648338878e-02 1.5015712119717597e-02 0.0000000000000000e+00 1.0745055309492916e-02 1.7472000000000000e+02
1.5573107220719537e-02 1.6685154838031863e-02 0.0000000000000000e+00 9.8468444122671375e-03 1.7519999999999999e+02
1.5339742779027162e-02 1.8326986053660687e-02 0.0000000000000000e+00 8.2809707448165647e-03 1.7568000000000001e+02
1.4844277357902180e-02 1.9915515878298429e-02 0.0000000000000000e+00 6.7180937373836173e-03 1.7616000000000000e+02
1.4179071791805688e-02 2.1154998107309191e-02 0.0000000000000000e+00 4.8914812191413228e-03 1.7663999999999999e+02
1.3306351513775894e-02 2.1980697571977820e-02 0.0000000000000000e+00 3.3018801964044791e-03 1.7712000000000000e+02
1.2354179757070346e-02 2.2224682162961175e-02 0.0000000000000000e+00 2.6858610641360293e-03 1.7759999999999999e+02
1.1519661205277460e-02 2.1701526220580289e-02 0.0000000000000000e+00 3.0842709891527173e-03 1.7807999999999998e+02
1.0768786286293460e-02 2.0492030442447767e-02 0.0000000000000000e+00 4.5863162900233760e-03 1.7856000000000000e+02
1.0108166574103536e-02 1.8742821983193658e-02 0.0000000000000000e+00 5.6078151103862604e-03 1.7903999999999999e+02
9.6875403781833194e-03 1.6565784538739019e-02 0.0000000000000000e+00 7.4455787731513940e-03 1.7951999999999998e+02
9.2470261539393805e-03 1.4361850223638924e-02 0.0000000000000000e+00 9.5604733844341788e-03 1.8000000000000000e+02
8.9143663758246595e-03 1.2220206957942225e-02 0.0000000000000000e+00 1.1819938034648887e-02 1.8047999999999999e+02
8.5635962677844055e-03 1.0373566335106315e-02 0.0000000000000000e+00 1.4069483940748107e-02 1.8095999999999998e+02
8.1438445823431051e-03 8.9689153440755016e-03 0.0000000000000000e+00 1.5879752237807236e-02 1.8144000000000000e+02
7.9019636160455112e-03 7.8184295519830686e-03 0.0000000000000000e+00 1.6973783806658274e-02 1.8191999999999999e+02
7.7324966545915010e-03 7.0588499198390485e-03 0.0000000000000000e+00 1.7787454909011288e-02 1.8240000000000001e+02
7.5800365221117662e-03 6.7075523045106531e-03 0.0000000000000000e+00 1.8486634361001373e-02 1.8288000000000000e+02
7.6641853383734556e-03 6.5192053178671442e-03 0.0000000000000000e+00 1.9348792710723123e-02 1.8335999999999999e+02
7.8464920156618087e-03 6.5379215978413462e-03 0.0000000000000000e+00 2.0231066402450672e-02 1.8384000000000000e+02
7.9152380710220630e-03 6.9323174111820636e-03 0.0000000000000000e+00 2.0698007967727201e-02 1.8431999999999999e+02
7.8023523108526364e-03 7.6795099851380624e-03 0.0000000000000000e+00 2.0470589178021893e-02 1.8479999999999998e+02
7.7259492286489533e-03 8.4885259094471099e-03 0.0000000000000000e+00 1.9833166264260568e-02 1.8528000000000000e+02
7.4917415942983914e-03 9.4650317986837082e-03 0.0000000000000000e+00 1.9587248463191407e-02 1.8575999999999999e+02
7.2287162293573747e-03 1.0335102990911702e-02 0.0000000000000000e+00 2.0039664469681012e-02 1.8623999999999998e+02
6.8669065252430737e-03 1.1085862185145859e-02 0.0000000000000000e+00 2.1313363582044345e-02 1.8672000000000000e+02
6.5266215029467769e-03 1.1551956352664471e-02 0.0000000000000000e+00 2.2241395786987701e-02 1.8719999999999999e+02
6.2957006459237776e-03 1.1631652815981761e-02 0.0000000000000000e+00 2.3082571692866306e-02 1.8768000000000001e+02
6.1824987064145361e-03 1.1348537440729150e-02 0.0000000000000000e+00 2.4185324136165396e-02 1.8816000000000000e+02
5.9246571362456873e-03 1.1005092468852080e-02 0.0000000000000000e+00 2.6144308628443625e-02 1.8863999999999999e+02
5.9633997804971108e-03 1.0201786984842618e-02 0.0000000000000000e+00 2.8989514661623438e-02 1.8912000000000000e+02
5.5740044536372324e-03 9.6684460466910233e-03 0.0000000000000000e+00 3.0926786197124530e-02 1.8959999999999999e+02
5.3510762759323731e-03 8.9393483040863565e-03 0.0000000000000000e+00 3.2259267771886799e-02 1.9007999999999998e+02
5.2205697689098529e-03 8.1930250868849364e-03 0.0000000000000000e+00 3.3424160519837300e-02 1.9056000000000000e+02
4.9877319706204890e-03 7.6574324108725283e-03 0.0000000000000000e+00 3.4302949891453487e-02 1.9103999999999999e+02
5.0364768736593183e-03 6.9489825228902999e-03 0.0000000000000000e+00 3.5667656477863539e-02 1.9151999999999998e+02
5.1497274865698207e-03 6.2721446669321661e-03 0.0000000000000000e+00 3.7572037885836754e-02 1.9200000000000000e+02
4.9635850839235621e-03 5.9570650637125518e-03 0.0000000000000000e+00 3.8449084867368734e-02 1.9247999999999999e+02
5.1128275992976370e-03 5.4640266297311226e-03 0.0000000000000000e+00 3.8773268164317781e-02 1.9295999999999998e+02
5.1994994040545674e-03 5.1841146537847348e-03 0.0000000000000000e+00 3.8433125412177235e-02 1.9344000000000000e+02
5.3763194935821206e-03 4.9836361881404924e-03 0.0000000000000000e+00 3.8033692456649650e-02 1.9391999999999999e+02
5.4228837765796182e-03 5.1010816376506965e-03 0.0000000000000000e+00 3.7732404579806887e-02 1.9440000000000001e+02
5.5459547639297394e-03 5.2150342147415790e-03 0.0000000000000000e+00 3.7430850776134998e-02 1.9488000000000000e+02
5.5548772958790207e-03 5.5288654781652236e-03 0.0000000000000000e+00 3.6941956494255565e-02 1.9535999999999999e+02
5.8362724448774517e-03 5.6496282335582390e-03 0.0000000000000000e+00 3.6892673617461187e-02 1.9584000000000000e+02
5.9373510866922198e-03 6.0502071360239561e-03 0.0000000000000000e+00 3.6497154844213710e-02 1.9631999999999999e+02
6.2411638387821237e-03 6.3771154172327926e-03 0.0000000000000000e+00 3.6174804451933724e-02 1.9679999999999998e+02
6.6518787794718646e-03 6.7708282298688874e-03 0.0000000000000000e+00 3.5000151122347320e-02 1.9728000000000000e+02
6.9269258044965688e-03 7.4124674877193075e-03 0.0000000000000000e+00 3.3913717166750991e-02 1.9775999999999999e+02
7.1999013813000496e-03 8.0833927634921584e-03 0.0000000000000000e+00 3.2057190538975877e-02 1.9823999999999998e+02
7.4441168689377366e-03 8.8183010978678412e-03 0.0000000000000000e+00 3.0485134568453951e-02 1.9872000000000000e+02
7.4637309326636460e-03 9.7349465674465389e-03 0.0000000000000000e+00 2.8501196053119720e-02 1.9919999999999999e+02
7.5981356659592068e-03 1.0461693801454964e-02 0.0000000000000000e+00 2.7263131370979268e-02 1.9968000000000001e+02
7.6737245954737552e-03 1.1082771248945772e-02 0.0000000000000000e+00 2.6764360433955942e-02 2.0016000000000000e+02
7.6114432775280646e-03 1.1661958822407689e-02 0.0000000000000000e+00 2.6438299246785205e-02 2.0063999999999999e+02
7.9308512728967825e-03 1.1673826450847500e-02 0.0000000000000000e+00 2.7055927735663624e-02 2.0112000000000000e+02
8.1238253544178712e-03 1.1558661118354329e-02 0.0000000000000000e+00 2.7614389417994701e-02 2.0159999999999999e+02
8.0770124352723630e-03 1.1470403518022651e-02 0.0000000000000000e+00 2.8188473923020100e-02 2.0207999999999998e+02
8.1119215372179136e-03 1.1120775284396362e-02 0.0000000000000000e+00 2.9082463941677909e-02 2.0256000000000000e+02
8.1557419226787990e-03 1.0619753334081869e-02 0.0000000000000000e+00 3.0248837452491743e-02 2.0303999999999999e+02
8.1030999625306722e-03 1.0173827926188832e-02 0.0000000000000000e+00 3.1765279025219986e-02 2.0351999999999998e+02
8.0984575699305696e-03 9.7135031623673887e-03 0.0000000000000000e+00 3.3822538483925767e-02 2.0400000000000000e+02
